100
2 1
100 20
200 10
2 2
100 20
200 10
3 2
100 10
100 10
100 10
4 2
9 3
7 1
10 1
8 4
5 3
27531 618936
98532 172938
89148 191142
860472 19803
23828 715122
6 4
3684 368890
3673 319768
3720 300251
12883 87
3626 341935
14676 21
8 4
24103 2819
292559 44
247601 43
27757 2862
26097 2631
28250 2817
29960 2633
27571 2102
10 4
14373 50
3100 392416
3240 375998
3285 376455
3011 322254
3875 304698
10351 34
3919 385383
10695 55
3826 343751
6 3
325122 125061
709885 57277
624838 65073
736049 55241
111729 363917
649657 62587
2 2
452088 7667
5796 598026
4 3
167665 168763
896368 31567
107161 264048
596942 47401
5 1
160307 345103
173080 319635
770014 71846
624463 88592
499381 110782
10 2
3282 314697
3738 323719
14109 30
3205 386814
3286 369765
3342 336593
11125 68
12724 2
3615 328337
3655 348297
5 3
258129 118104
32508 937802
321678 94772
46284 658674
55062 553668
6 4
81918 339388
107226 259284
872712 31857
36363 764568
633144 43911
405076 68634
5 1
15367 25
3440 388198
3659 380447
13221 93
3074 353857
7 5
29974 2043
26363 2006
29693 2789
21453 2693
242246 7
286226 52
20767 2314
10 6
169858 187121
58156 546530
112968 281354
187346 169654
281354 112968
528342 60158
230414 137943
512579 62008
352228 90237
41882 758894
6 4
31734 841092
750006 35588
83979 317832
217341 122808
28458 937916
69768 382571
3 2
100233 335544
287928 116809
251658 133644
8 5
818958 19836
674424 24087
240312 67599
523032 31059
18972 856254
752913 21576
50344 322677
90132 180234
10 6
56637 196248
113274 98124
327236 33966
164169 67704
218892 50778
15834 701964
13209 841464
151032 73593
41412 268398
835016 13311
7 3
53946 76435
859313 636787
643394 531534
887370 218812
666215 631227
865486 456711
599113 962349
10 5
201866 92
251957 20
243579 47
24213 2252
25354 2920
29967 2308
25832 2545
29438 2597
20078 2744
27602 2037
6 3
757146 308429
381703 744171
582614 200672
75141 721682
552799 449363
494676 7130
3 1
541344 263092
467714 694352
839949 480940
4 3
163538 287021
660341 808817
781398 509796
726746 236339
7 3
25288 2019
20033 2871
23310 2731
226898 9
27437 2078
29984 2288
229716 2
6 1
22698 2054
27995 2077
273264 87
27089 2971
290262 9
28767 2480
3 2
326610 596806
828136 286342
670469 291845
5 2
3851 346659
16325 53
3329 308360
3620 336478
13253 27
9 3
227741 67
22658 2108
26267 2449
20636 2251
20208 2898
251053 86
28358 2538
21287 2029
21863 2476
6 4
809991 10824
49192 178227
290444 30186
69069 126936
106812 82082
116358 75348
5 1
18659 42
3240 337530
3447 373861
13295 9
3344 302429
6 2
3791 362121
10581 82
17797 61
3199 349874
3994 393854
3254 345909
5 2
72521 485571
178828 196916
146715 240017
582157 60489
871636 40400
5 3
220763 77
21207 2099
25987 2664
24232 2273
241867 67
4 3
132867 233864
39368 789291
564324 55062
233864 132867
6 1
83601 923683
238846 323308
899695 85830
156370 493834
456431 169184
305635 252657
3 1
24150 2519
259737 25
25843 2642
2 1
16904 79
3864 325034
9 3
215141 391352
112841 746146
886851 94938
136130 618496
120612 698072
241715 348327
252697 333189
754734 111557
918517 91665
6 4
576913 676628
729358 557323
343428 690358
839351 600225
647486 871110
661223 873425
6 2
75878 996849
796719 94938
111398 678997
162790 464641
194427 389035
193190 391526
9 3
203315 7
20958 2941
20773 2035
28957 2963
25473 2230
26676 2103
24737 2726
289440 3
21270 2819
9 5
308484 37758
154242 75516
925452 12586
205656 56637
712008 16359
38874 299628
19778 588924
28644 406638
52316 222642
5 2
3698 366444
12753 3
3002 391296
14881 8
3698 357187
4 2
311958 294283
106130 865014
161405 568780
159195 576676
6 3
168467 385233
182665 355290
93804 691858
662871 97906
156998 413375
77350 839031
2 1
103144 654495
301881 223622
2 1
138132 149635
152134 135863
7 5
833283 798739
744940 701591
285732 70535
903068 195553
377865 176406
365263 235779
388440 506281
4 1
361116 200448
837857 86393
569521 127098
793930 91173
4 2
74694 794886
70064 847414
822469 72189
498922 119003
9 5
319963 858035
772745 586377
251877 282998
28351 674930
148558 87647
567570 981250
824700 231318
231511 452532
485506 471136
2 1
208839 52
26420 2834
6 3
15479 26
3197 387164
3267 343332
3696 306508
12551 10
3812 341594
8 2
3497 300238
3857 391059
3076 356034
3970 330135
3458 358130
17007 22
19207 56
3728 322787
3 1
287475 569718
577163 10259
787947 562244
10 5
136639 533777
416128 175270
118667 614617
148993 489518
128865 565978
121706 599270
682156 106918
124420 586198
234009 311675
287354 253815
6 4
80808 72369
96866 60372
227513 25704
18447 317016
89096 65637
408408 14319
9 6
3641 315261
3739 388841
3345 322958
17892 43
3935 307900
3495 333169
3021 328319
3443 395962
15545 8
2 1
3905 338099
10613 32
6 4
236576 24
28461 2372
25798 2494
201672 70
25839 2956
22058 2106
3 1
477162 942911
244704 548721
243287 85438
4 2
268368 74
25995 2548
29567 2326
21556 2296
10 10
1000000 1000000
1000000 1000000
1000000 1000000
1000000 1000000
1000000 1000000
1000000 1000000
1000000 1000000
1000000 1000000
1000000 1000000
1000000 1000000
7 4
37107 121992
106743 42408
121923 37128
841092 5382
5967 758632
763623 5928
122094 37076
5 3
22220 2756
24784 2149
28446 2685
200855 76
230402 80
8 3
928288 534840
518197 842442
50967 869402
910041 619859
983918 836679
177187 952647
563513 981661
596630 361354
9 6
3652 371759
17407 82
10886 47
3717 306438
3051 357801
3064 375183
3226 393324
3367 375130
3021 399981
6 4
364827 815560
625156 819360
358579 975449
947166 894060
615411 436091
657869 481329
10 4
125919 766189
217919 442723
903739 106754
285362 338089
993203 97138
342943 281323
660802 146001
510840 188861
105013 918722
269892 357468
4 3
262922 9828
12376 208791
28424 90909
3192 809523
6 1
32017 607255
668384 814668
27787 655946
221640 894287
466503 974190
773205 464748
6 3
84413 657008
559146 469890
332709 537648
768147 357524
365052 745246
957889 189364
9 6
168986 753992
856606 905331
514786 575171
254770 772069
185263 696369
73555 67200
178683 779046
109665 1005
866758 181633
10 4
214927 273126
755478 77702
210960 278262
645490 90942
63381 926179
133940 438272
297550 197285
246175 238457
391486 149947
844198 69536
10 4
744675 122610
213725 427206
654396 139525
892553 102296
242792 376061
330585 276191
135473 673969
248882 366859
949359 96175
127409 716626
5 1
3061 319940
12226 5
3102 341361
14414 57
3432 332070
4 1
3758 383931
14540 3
3350 374405
3667 316085
3 2
217833 42408
35112 263097
853461 10824
9 5
57942 134596
202797 38456
110124 70818
79002 98716
9108 856254
162393 48024
524216 14877
396198 19684
10989 709688
2 1
3639 335897
16564 12
9 3
426252 76591
316415 103178
81805 399084
74011 441111
111382 293109
608202 53678
56422 578623
136772 238697
47468 687770
7 3
20153 2553
29373 2879
280808 52
21595 2616
24440 2151
28596 2646
272822 30
4 3
808054 44875
260936 363040
132091 685917
581526 903084
4 1
19430 18
3222 377122
3848 310376
3740 379365
1 1
1 1
9 5
162282 226548
951762 38628
598734 61404
115884 317254
135864 270599
757316 48546
671832 54723
122808 299367
154628 237762
4 3
108108 22678
118404 20706
149292 16422
30107 81432
9 5
211302 116932
640584 38571
160146 154284
32292 765142
194649 126936
308568 80073
75348 327918
67704 364941
46872 527137
7 1
948677 410367
335130 933393
812877 900364
194947 699418
948782 244487
912301 165928
42482 943488
8 4
20437 2990
274202 20
28264 2209
25472 2041
205826 88
29021 2215
28136 2242
20923 2752
10 4
22482 2939
255508 23
29154 2757
27771 2607
28610 2449
25359 2045
21883 2004
276992 43
29625 2189
202761 94
9 2
19730 6
3508 355013
10127 73
3897 337816
3124 333573
3415 314304
3522 338809
3144 378609
3447 363980
4 3
28125 2327
22856 2253
28026 2621
224916 94
8 6
568983 198142
655427 168280
856624 900890
265013 620010
81686 81144
524423 549388
750272 827110
781949 639518
5 1
98069 343826
769743 402670
463853 677272
33269 60997
33026 904885
2 1
258096 29
22112 2975
