4000	10000
4000	40000

Case #1: 138230.076757950897103910392616
4000	10000
4000	40000

Case #2: 150796.44737231006956790224649
2000	10000
2000	10000
2000	10000

Case #3: 43982.2971502571036239714885596
64	64
54	81
20	100
14	49

Case #4: 625.17693806436883008359473024
2964689814	15437041
2711965228	15697444
2545526308	12687844
2211139384	10471696
965856	101223721
26180	171348100

Case #5: 9362344634.43365461844950914383
1498977830570	813306367225
1089065878126	577951173361
856766672088	216200820676
541457953960	662918383204
425802418236	254251926756
379665707464	317841123076
327503368960	149465745664
90900213110	13845052225
83732620928	62988952576
77197424304	276627610116

Case #6: 10685656410800.4986686706542969
151673886	644601321
117780780	854159076
104240080	665743204
24540936	85353959716

Case #7: 268921969525.55424964427947998
167739000	859955625
145492668	835325604
135599496	687383524
133389760	838681600
129153024	897122304
49303016	63275390116
23965976	85420583824

Case #8: 268431969940.967226669192314148
2829619200	15241216
2455300080	9809424
2401360416	10916416
451500	226502500

Case #9: 24195041518.6073635518550872803
68566592952	3997779984
68566592860	608509204900
68566592806	1458399721
68566592800	4193857600
68566592640	7631769600
68566592208	51701209641
68566592048	74967535204
68566591850	112363732849
68566591744	1795047424

Case #10: 2342504656865.94938802719116211
3048804884	15124321
2762582200	14478025
2530181412	11168964
2468965860	10017225
2904086	395651881
339086	237560569

Case #11: 9625617481.54721521772444248199
10671989328	299843856
10671989328	343229596164
10671989328	1419330276
10671989328	63042170724
10671989328	6090085521
10671989328	280361536
10671989328	3673087236

Case #12: 1212395750891.54772818088531494
158321230	790790641
125132960	657512164
116817200	811794064
111034924	484968484
19108352	89142850624
3318434	56183694961

Case #13: 280459381800.206413954496383667
110163222752	5604917956
110163222554	36441664609
110163222370	356880786025
110163222190	16026294025
110163221572	10340245969
110163221364	8114946889

Case #14: 2505525937169.62870073318481445
74366471088	132231140496
74366471088	343229596164
74366471088	17418456441
74366471088	24687322884

Case #15: 1779175055533.78948366641998291
5241508272	73994404
5241508272	3101598864
5241508272	478690641
5241508272	4171093056
5241508272	286489476
5241508272	107103689289
5241508272	343657444
5241508272	93823365636
5241508272	31543891236

Case #16: 418809582847.912867933511734009
28207971792	549996304
28207971792	427000896
28207971792	4675277376
28207971792	528924561984

Case #17: 1927519389095.37950432300567627
154668716	738371929
107127180	430355025
92837538	458002801
43419840	73643847876
39544344	45200460816

Case #18: 231495378919.68993377685546875
721319838064	290659000384
290329305672	80308758544
272142205820	126575139076
210041949456	74473318404
154997788732	386135474404
14698307452	17902707601
9453572856	18783250704

Case #19: 4946281652813.38296890258789062
134042863680	17756628516
134042863556	648374417089
134042863500	4658062500
134042862816	500745877956
134042862728	36644679184
134042862230	242909993881
134042862224	8661652624

Case #20: 4142468677858.32089567184448242
2463273700	11730625
1324464	260887104

Case #21: 7775455405.02296473784372210503
9053514288	1986841476
9053514288	734084836

Case #22: 63126754537.5511541850864887238
22608052038	509901561
22608051984	12396372921
22608051848	77527719844
22608051318	959078961
22608051250	25618243249
22608050922	527758729
22608050760	4278468100
22608050698	715723009
22608050448	153462544

Case #23: 669712247268.729592740535736084
189728186704	513079959616
189728186694	159235315849
189728186690	193161129001
189728185822	43330169281
189728185788	12725193636
189728185788	707195220601
189728185644	472533882921

Case #24: 4009865333752.22944784164428711
177335431056	990409107249
177335431056	9211392576

Case #25: 4225693350235.30161118507385254
156151080	894847396
136151504	893053456
134192520	843670116
126864430	553990369
108337340	495285025
17740080	49173506001
8381376	54203289856

Case #26: 170310988081.276328995823860168
122926680	567535329
108575640	630512100
43665468	49632265089

Case #27: 156402638931.090729683637619019
90953930	410346049
36842756	88279700161

Case #28: 277454602418.494877845048904419
1285344448986	740654735769
885833989250	941627640625
822058558112	508021115536
494602665666	91816878169
326381050644	207974305764
96737156100	92446402500

Case #29: 6364864155005.21797704696655273
2000000000000	1000000000000
2000000000000	1000000000000
2000000000000	1000000000000
2000000000000	1000000000000
2000000000000	1000000000000
2000000000000	1000000000000
2000000000000	1000000000000
2000000000000	1000000000000
2000000000000	1000000000000
2000000000000	1000000000000

Case #30: 65973445725385.6554374694824219
119280061264	35004913216
119280060900	601826850625
119280060018	33586793289
119280059916	26271871396
119280059660	69187411225

Case #31: 2265424175699.76491808891296387
2769951600	13104400
2729030456	15085456
2611918888	10837264
2297646360	9326916
2030549766	10870209
2027070672	10163344
1962485752	9803161
1781856	375119424
336320	110460100
143544	321951249

Case #32: 39125968330.147972598671913147
80899127832	1913712516
80899127648	13622624656
80899127460	301807396900
80899127316	68762999529
80899126880	148733635600
80899126632	129327982884
80899126360	6943722241
80899126056	21124006281

Case #33: 1456460110511.03891932964324951
151818023136	80293456321
151818023034	15810296121
151818022856	624741644836
151818022748	603000393961
151818022652	400778891041
151818022560	6893316676
151818022560	62039850084
151818022208	32792863744
151818021936	263036662641
151818021696	483180692544

Case #34: 4824386073058.76382350921630859
2164995792	10291264
410436	249197796

Case #35: 6833865834.57856889907270669937
784527903900	309992832900
360401471200	120284112400
358787844786	57961044001
357283283668	944873426116
110736855860	317326042489
73365304320	5702666256
2606304304	298874944

Case #36: 9162803017201.80367469787597656
924223107600	524094915136
362268475392	50520653824
284405075240	236833089025
105903563952	10949948164

Case #37: 4550025260289.11255836486816406
623861404144	134627351056
436335290848	248809420864
407872295208	136573115364
285018090432	173478914064
225765787192	375158700004

Case #38: 4112363997077.31920194625854492
112731852	527574961
34915630	48834370225

Case #39: 153527389428.247591689229011536
2275017260	11062276
2027081368	9653449
2020387238	9006001
1748468	227195329
935336	118287376

Case #40: 13550194609.7571109216660261154
2	1

Case #41: 9.42477796076937934799389040563
2681923424	13424896
2673371520	14699556
2528870760	12320100
2442864996	11512449
2356413684	13527684
2319693936	14130081
2299448388	12916836
1937376	244109376
1538244	202863049
1245288	138015504

Case #42: 24815017072.5116311348974704742
177261108	897781369
154123440	696484881
149904770	709956025
144930096	886371984
126742992	834285456
113937874	637108081
94869060	489028996
53569472	81193083136
22262856	51607117584
19169472	89714027529

Case #43: 282799373095.889675885438919067
2451742304	11035684
2338962752	10549504
2324475232	10621081
3213696	280160644
948960	390852900

Case #44: 15085113433.2268168535083532333
147314958	877166689
136890298	573937849
122092880	795804100
112950434	460059601
91928520	401120784
89602960	416976400
29795092	57735920089
13061478	44381427561

Case #45: 182046644405.953268811106681824
2958973584	14961424
2679861548	12411529
2675050980	12744900
2613081472	11505664
2040994740	9954025
2020011648	9684544
1978059600	9150625
2724800	290020900
2702560	372644416

Case #46: 34375083787.6338526271283626556
136251342724	525685901764
136251342686	602640137401
136251341920	16831429696

Case #47: 2749342262984.87161993980407715
1215414480160	921676801600
852443965080	441766269025
588217467924	151285214116
208528080576	154233711076

Case #48: 6713870270828.0106353759765625
19730441808	6886344256
19730441808	171410904324
19730441808	968392161
19730441808	760024778436
19730441808	33788321856
19730441808	3529429281

Case #49: 2635628304625.12267446517944336
195224930300	70407969025
195224930000	737881000000
195224929662	282435913809
195224929488	25823847204
195224929292	91870216201
195224928768	702083113216
195224928600	146911224100

Case #50: 4771390350637.94061374664306641
152141376	894129604
122977752	744853264
120992032	421398784
116841000	405821025
37535184	60980351364
35442816	65962676224

Case #51: 208204300691.226376727223396301
2519821300	13322500
2331296800	11397376
2276921904	12588304
2240442	386240409

Case #52: 7958105952.56653217505663633347
144843264	875213056
88351868	428531401
16767688	89654132929

Case #53: 281709442619.147646784782409668
17283741552	114511401
17283741552	26002530009
17283741552	94958887716

Case #54: 406919095014.259347319602966309
2862871324	13830961
2612285184	13075456
2433063510	14055001
2303384400	13704804
2267271760	13601344
2150289456	12243001
1966874400	10497600
2127664	360886009
1759914	162639009
1667274	247401441

Case #55: 39247700813.7492726966738700867
947646137418	497161779409
789319462448	572401191184
742811298082	855593550289
441067506692	633128941636
304141152000	172017562500
260151687360	974599379524
132054196860	14107025529
129896801058	442385944641
42822492650	2192580625
739527880	65480464

Case #56: 11864029735942.6086454391479492
1413266977132	518211377161
893902840858	954663830761
816582700560	780452098624
591387883404	169744824001
319039990920	913957032121
212344121472	24047325184

Case #57: 6067918208414.59244632720947266
152753208	679957776
136910508	644245924
135670618	616975921
121632280	685392400
116625168	839145024
115737608	414611044
105028560	434263921
29157632	51890106436
22555394	57576482401

Case #58: 182104261535.662556275725364685
1276276750560	968610272400
1217681879016	442081371664
982409333956	245186396569
800644494530	806578221409
243745447858	45258733081
202660504980	475131732804
145917224870	408974319121

Case #59: 16479609833523.0506715774536133
1036738360350	372179304225
966389194536	732330312169
536222433474	856789045641
518112946752	152905242961
284143585200	126807210000
160738737804	8559580324
111132462186	6600425049
85013349662	17458601161
68546644978	3852560761
16891619382	5420346129

Case #60: 14043757231473.1319818496704102
13257932688	85914361
13257932688	10810592676
13257932688	286489476
13257932688	652393764
13257932688	158855653489
13257932688	44836416
13257932688	600274751076

Case #61: 2052422843853.43847525119781494
92459413656	3697126416
92459413338	33635926801
92459413048	366645993169
92459412702	141037051401
92459412608	110032850944

Case #62: 1442322171394.68493175506591797
58136221584	902641936
58136221584	73113996816
58136221584	9975215376

Case #63: 594975048543.258656144142150879
2889341848	14961424
2533488740	10042561
2180401040	10923025
2169696	125081856
1280160	256064004

Case #64: 17083327436.6484601311385631561
1202510070736	942378860644
740721021744	259263254041
426275610108	101711242084
395329997336	605255992324
359999381174	309858109201
244768083280	57138209296
175408386468	21456976324
162445886520	81364710025

Case #65: 11646561170354.1955242156982422
693288978912	125724139776
663653007850	682813005625
627714420312	250628394384
502002792880	945456743716
410618675454	50130762201
378946730988	77469815556
272507063400	947059848900
91538781210	305887531041
72920078336	564109149184

Case #66: 13262803115308.8985252380371094
2937706748	13935289
2744016064	13075456
2533806000	10890000
1961630	318015889

Case #67: 9272856939.46601231489330530167
127321260	625700196
125603424	548309056
111704534	680531569
29223300	63466205625
23274552	76772218084

Case #68: 241260155494.066656202077865601
27099058896	56470868496
27099058896	277657332624

Case #69: 1042554645080.63745379447937012
44594864496	1277490564
44594864496	44541258304
44594864496	53973976329
44594864496	658846224
44594864496	6820117056
44594864496	485765786961
44594864496	13389498369
44594864496	567773584
44594864496	4406038884

Case #70: 2226572721124.27157449722290039
13068194832	179506404
13068194832	4189713984
13068194832	213657497361
13068194832	302342544
13068194832	154341336769
13068194832	13600690884
13068194832	3587051664
13068194832	145804076649

Case #71: 876499548493.154713094234466553
95250840578	359245595641
95250840464	6995984164
95250840048	6701223321
95250839848	42390280321
95250839120	2727137284

Case #72: 2026321345101.36142647266387939
2900918544	15350724
2784241836	14493249
2483340600	15210000
1240800	353440000

Case #73: 9161730108.23848354257643222809
26091050832	80243025984
26091050832	1693404801
26091050832	23056600336
26091050832	50691621904
26091050832	1259966016
26091050832	8123777424
26091050832	3770451216

Case #74: 579960715406.14551776647567749
26091050832	227889216
26091050832	697910724
26091050832	243850291344

Case #75: 930013191098.539237737655639648
15087984912	2404529296
15087984912	77912440384

Case #76: 339569755447.652802079916000366
175857575834	62036363041
175857575168	489193931776
175857575120	45724124224
175857575120	676358208100
175857575094	196799591641
175857574784	81610776976
175857574434	313634720961
175857574200	12667502500

Case #77: 4334733444456.43882870674133301
158911416	886907961
137745360	859662400
125777100	888338025
44449412	73458887089
12667590	55030122225

Case #78: 230917541965.880089029669761658
643282386538	190044555481
487978479360	85759951104

Case #79: 2617973799085.33788013458251953
9167125968	188156089
9167125968	34999056
9167125968	34199104
9167125968	61685316
9167125968	213627456
9167125968	986965056
9167125968	8483515236
9167125968	76351637124
9167125968	1578631824

Case #80: 383862620256.317224413156509399
1512918838068	725668867044
738419321060	798660367684
462714915060	55927520100
342422713316	33112716961
208082956878	166490929089
74205639680	30348427264
14419173340	159185838361
7700445904	564157504

Case #81: 12111267423727.0213994979858398
500871017274	100114655281
469981425714	122609924649
252301395264	162202729536
220398858308	38127248644
119231518062	5622450289
109910814720	76330638400
87273545448	9917769744

Case #82: 4352226015965.15102839469909668
65180684566	3813927049
65180684532	1990855161
65180684226	128201950809
65180684184	557761023556
65180683800	17402358724

Case #83: 2366571411052.70673799514770508
2729611800	14630625
2661411720	15444900
2333012112	14220441
2283832656	10074276
2100476562	12089529
1277272	184633744
714984	132987024

Case #84: 24314295181.932423735037446022
1015805313498	419376693649
887768267440	381439641664
839707132320	252466051600
767168327036	178390503769
645912302860	279581850025
623892788298	124851275649
251982169152	524012388769
18946379250	7486575625
5617024728	43388569

Case #85: 16335122001516.3360490798950195
716054961460	235452034756
38987227764	329922723321

Case #86: 2989247389151.47667717933654785
27804279888	498811662756
27804279888	4059473796
27804279888	14962671684
27804279888	100029243076
27804279888	217946169
27804279888	807298569
27804279888	99861056064
27804279888	4433429056
27804279888	94674366864

Case #87: 2003811662411.63519525527954102
151803184	650046016
150551760	791296900
129027552	553566784
119590440	752350041
111576690	715937049
108225414	559842921
94059420	435348225
42096032	57208029124
8464920	79616522896

Case #88: 250281525349.798866376280784607
30075606288	1002862224
30075606288	70496622144
30075606288	53716405824
30075606288	205295985216
30075606288	280361536
30075606288	6840613264
30075606288	219243078756
30075606288	1751171409
30075606288	6692712481
30075606288	20886608484

Case #89: 1255684268170.0967639684677124
2960553918	15976009
2850469440	15178816
2740247268	14722569
2277825918	12809241
2187275376	9412624
2159023590	9753129
1881967014	9054081
2470290	339849225
2057216	110166016
1062184	293505424

Case #90: 40942328512.7725547291338443756
156341268072	826248276324
156341267940	8144340516
156341267368	405338502244
156341267316	21084782436
156341267116	47065566916

Case #91: 4069217249998.05937075614929199
181325360272	52484977216
181325359914	8946700569

Case #92: 734536838585.651003181934356689
74258040384	40251594384
74258040330	525983211009
74258040170	196613314921
74258040168	3075589764
74258039584	394072573504
74258039520	9474102225
74258039516	139635247684
74258039394	7187139729
74258039230	421563219841

Case #93: 2352290533196.54330205917358398
169532655376	144034671361
169532655322	39865313569
169532655120	385436097225
169532655000	172827275625
169532655000	76812122500
169532653786	466397482489
169532653652	13391349841

Case #94: 2530435987809.46891212463378906
621189770040	614075976900
107645303076	37294948161

Case #95: 3880701795817.81246590614318848
112781857526	212813374489
112781857482	3924897201
112781857320	22038887025
112781856960	12000764304
112781856816	299239632784
112781856496	134790311044
112781856240	129140328321
112781855896	7152254041

Case #96: 2357347647470.62070059776306152
2627605508	14070001
2612548334	14753281
2402487750	9566649
2383993992	13638249
2349621360	12673600
2272183728	11888704
1986778380	9597604
2139620	340218025
1422792	173554276

Case #97: 46065782400.9070781618356704712
154878248	788374084
119758752	562828176
90224880	431392900
36275598	61733862369

Case #98: 194340061468.534179255366325378
126596600	448168900
8306600	43124752225

Case #99: 135506500731.476393893361091614
3066078432	15872256
2827687620	15069924
2472926720	12390400
2381838876	12581209
2371257630	11148921
2116741650	10400625
2271984	212110096
898144	298321984

Case #100: 26334604710.2035184316337108612
