100
4 2
5 2
6 2
1000 1000
1000 1
686 670
736 688
500 249
999 999
644 622
2 2
500 116
642 622
903 713
897 680
673 602
999 511
969 822
999 498
278 217
3 2
868 771
294 252
500 256
500 128
500 148
608 592
999 487
2 1
724 603
576 536
999 998
500 245
999 512
1000 499
1000 488
1000 256
507 391
999 493
1 1
999 400
1000 500
288 263
370 303
500 500
1000 498
815 702
825 727
999 1
1000 512
717 594
999 127
500 244
3 1
341 326
500 1
412 398
1000 489
500 255
910 887
500 117
999 255
1000 2
1000 999
927 698
500 250
778 753
963 901
1000 452
1000 255
1000 128
357 348
1000 511
924 904
513 506
5 1
999 499
730 722
727 690
999 488
1000 507
713 667
999 497
999 128
500 2
920 725
672 519
414 402
999 2
4 1
500 248
388 296
500 127
500 90
966 824
500 499
1000 127
699 694
999 256
315 288
