500
750
250
875
125
375
625
938
62
187
312
437
562
687
812
93
218
343
468
593
718
843
906
969
31
156
281
406
531
656
781
109
234
359
484
609
734
859
922
985
15
46
77
140
171
202
265
296
327
390
421
452
515
546
577
640
671
702
765
796
827
890
953
23
54
85
101
117
148
179
210
226
242
273
304
335
351
367
398
429
460
476
492
523
554
585
601
617
648
679
710
726
742
773
804
835
851
867
898
914
930
961
977
993
7
38
69
132
163
194
257
288
319
382
413
444
507
538
569
632
663
694
757
788
819
882
945
11
19
27
42
50
58
73
81
89
97
105
113
121
136
144
152
167
175
183
198
206
214
222
230
238
246
261
269
277
292
300
308
323
331
339
347
355
363
371
386
394
402
417
425
433
448
456
464
472
480
488
496
511
519
527
542
550
558
573
581
589
597
605
613
621
636
644
652
667
675
683
698
706
714
722
730
738
746
761
769
777
792
800
808
823
831
839
847
855
863
871
886
894
902
910
918
926
934
949
957
965
973
981
989
997
3
34
65
128
159
190
253
284
315
378
409
440
503
534
565
628
659
690
753
784
815
878
941
5
9
13
17
21
25
29
36
40
44
48
52
56
60
67
71
75
79
83
87
91
95
99
103
107
111
115
119
123
130
134
138
142
146
150
154
161
165
169
173
177
181
185
192
196
200
204
208
212
216
220
224
228
232
236
240
244
248
255
259
263
267
271
275
279
286
290
294
298
302
306
310
317
321
325
329
333
337
341
345
349
353
357
361
365
369
373
380
384
388
392
396
400
404
411
415
419
423
427
431
435
442
446
450
454
458
462
466
470
474
478
482
486
490
494
498
505
509
513
517
521
525
529
536
540
544
548
552
556
560
567
571
575
579
583
587
591
595
599
603
607
611
615
619
623
630
634
638
642
646
650
654
661
665
669
673
677
681
685
692
696
700
704
708
712
716
720
724
728
732
736
740
744
748
755
759
763
767
771
775
779
786
790
794
798
802
806
810
817
821
825
829
833
837
841
845
849
853
857
861
865
869
873
880
884
888
892
896
900
904
908
912
916
920
924
928
932
936
943
947
951
955
959
963
967
971
975
979
983
987
991
995
999
1
32
63
126
157
188
251
282
313
376
407
438
501
532
563
626
657
688
751
782
813
876
939
2
4
6
8
10
12
14
16
18
20
22
24
26
28
30
33
35
37
39
41
43
45
47
49
51
53
55
57
59
61
64
66
68
70
72
74
76
78
80
82
84
86
88
90
92
94
96
98
100
102
104
106
108
110
112
114
116
118
120
122
124
127
129
131
133
135
137
139
141
143
145
147
149
151
153
155
158
160
162
164
166
168
170
172
174
176
178
180
182
184
186
189
191
193
195
197
199
201
203
205
207
209
211
213
215
217
219
221
223
225
227
229
231
233
235
237
239
241
243
245
247
249
252
254
256
258
260
262
264
266
268
270
272
274
276
278
280
283
285
287
289
291
293
295
297
299
301
303
305
307
309
311
314
316
318
320
322
324
326
328
330
332
334
336
338
340
342
344
346
348
350
352
354
356
358
360
362
364
366
368
370
372
374
377
379
381
383
385
387
389
391
393
395
397
399
401
403
405
408
410
412
414
416
418
420
422
424
426
428
430
432
434
436
439
441
443
445
447
449
451
453
455
457
459
461
463
465
467
469
471
473
475
477
479
481
483
485
487
489
491
493
495
497
499
502
504
506
508
510
512
514
516
518
520
522
524
526
528
530
533
535
537
539
541
543
545
547
549
551
553
555
557
559
561
564
566
568
570
572
574
576
578
580
582
584
586
588
590
592
594
596
598
600
602
604
606
608
610
612
614
616
618
620
622
624
627
629
631
633
635
637
639
641
643
645
647
649
651
653
655
658
660
662
664
666
668
670
672
674
676
678
680
682
684
686
689
691
693
695
697
699
701
703
705
707
709
711
713
715
717
719
721
723
725
727
729
731
733
735
737
739
741
743
745
747
749
752
754
756
758
760
762
764
766
768
770
772
774
776
778
780
783
785
787
789
791
793
795
797
799
801
803
805
807
809
811
814
816
818
820
822
824
826
828
830
832
834
836
838
840
842
844
846
848
850
852
854
856
858
860
862
864
866
868
870
872
874
877
879
881
883
885
887
889
891
893
895
897
899
901
903
905
907
909
911
913
915
917
919
921
923
925
927
929
931
933
935
937
940
942
944
946
948
950
952
954
956
958
960
962
964
966
968
970
972
974
976
978
980
982
984
986
988
990
992
994
996
998
1000
Case #1: 0 0
