TestCase 0 12 12*****************************************************************
Sorted Order------------------------------------------------------
0.5
0.5
0.5
0.5
0.5
0.5
0.5
0.5
0.5
0.5
0.5
0.5
------------------------------------------------------------------
	0	0.25	0	0	0	0
	0	0.25	0	0	0	0
	0.5

	0.375	0	0.125	0	0	0
	0.375	0	0.125	0	0	0
	0

	0	0.25	0	0.0625	0	0
	0	0.25	0	0.0625	0	0
	0.375

	0.3125	0	0.15625	0	0.03125	0
	0.3125	0	0.15625	0	0.03125	0
	0

	0	0.234375	0	0.09375	0	0.015625
	0	0.234375	0	0.09375	0	0.015625
	0.3125

Bottom Ones ---------------------------------------------
	0	0.25	0	0	0	0
	0	0.25	0	0	0	0
	0.5

	0.375	0	0.125	0	0	0
	0.375	0	0.125	0	0	0
	0

	0	0.25	0	0.0625	0	0
	0	0.25	0	0.0625	0	0
	0.375

	0.3125	0	0.15625	0	0.03125	0
	0.3125	0	0.15625	0	0.03125	0
	0

	0	0.234375	0	0.09375	0	0.015625
	0	0.234375	0	0.09375	0	0.015625
	0.3125

Used for Final Calculation -------------------------------
	0	0.234375	0	0.09375	0	0.015625
	0	0.234375	0	0.09375	0	0.015625
	0.3125
-----------------------------------------------------------
	0	0.234375	0	0.09375	0	0.015625
	0	0.234375	0	0.09375	0	0.015625
	0.3125
Case #1: 0.225586
