TestCase 0 2 2*****************************************************************
Sorted Order------------------------------------------------------
0.5
0.5
------------------------------------------------------------------
Bottom Ones ---------------------------------------------
Used for Final Calculation -------------------------------
	0.5
	0.5
	0
-----------------------------------------------------------
	0.5
	0.5
	0
Case #1: 0.5
TestCase 1 4 2*****************************************************************
Sorted Order------------------------------------------------------
0
0
1
1
------------------------------------------------------------------
Bottom Ones ---------------------------------------------
Used for Final Calculation -------------------------------
	0
	1
	0
-----------------------------------------------------------
	1
	0
	0
Case #2: 1
TestCase 2 3 2*****************************************************************
Sorted Order------------------------------------------------------
0.5
0.75
1
------------------------------------------------------------------
Bottom Ones ---------------------------------------------
Used for Final Calculation -------------------------------
	0.5
	0.5
	0
-----------------------------------------------------------
	1
	0
	0
Case #3: 0.5
TestCase 3 16 8*****************************************************************
Sorted Order------------------------------------------------------
0
0
0
0.01
0.02
0.02
0.02
0.02
0.52
0.52
0.66
0.66
0.71
0.82
0.83
0.97
------------------------------------------------------------------
	0	0	0	0
	0	1	0	0
	0

	0	0	0	0
	0	0	1	0
	0

	0	0	0	0
	0	0.01	0	0.99
	0

Bottom Ones ---------------------------------------------
	0	0.8051	0	0
	0	0.0051	0	0
	0.1898

	0.300554	0	0.660182	0
	0.038346	0	0.000918	0
	0

	0	0.404846	0	0.468729
	0	0.0117721	0	0.00026622
	0.114386

Used for Final Calculation -------------------------------
	0	0	0	0
	0	0.01	0	0.99
	0
-----------------------------------------------------------
	0	0.404846	0	0.468729
	0	0.0117721	0	0.00026622
	0.114386
Case #4: 0.46809
TestCase 4 16 6*****************************************************************
Sorted Order------------------------------------------------------
0.49
0.49
0.49
0.5
0.5
0.5
0.5
0.51
0.52
0.52
0.52
0.52
0.52
0.54
0.54
0.54
------------------------------------------------------------------
	0	0.2401	0
	0	0.2601	0
	0.4998

	0.367353	0	0.117649
	0.382347	0	0.132651
	0

Bottom Ones ---------------------------------------------
	0	0.2916	0
	0	0.2116	0
	0.4968

	0.402408	0	0.157464
	0.342792	0	0.097336
	0

Used for Final Calculation -------------------------------
	0.367353	0	0.117649
	0.382347	0	0.132651
	0
-----------------------------------------------------------
	0.402408	0	0.157464
	0.342792	0	0.097336
	0
Case #5: 0.312124
TestCase 5 4 4*****************************************************************
Sorted Order------------------------------------------------------
0.5
0.5
0.5
0.5
------------------------------------------------------------------
	0	0.25
	0	0.25
	0.5

Bottom Ones ---------------------------------------------
	0	0.25
	0	0.25
	0.5

Used for Final Calculation -------------------------------
	0	0.25
	0	0.25
	0.5
-----------------------------------------------------------
	0	0.25
	0	0.25
	0.5
Case #6: 0.375
TestCase 6 16 14*****************************************************************
Sorted Order------------------------------------------------------
0.02
0.03
0.04
0.06
0.06
0.21
0.22
0.36
0.43
0.55
0.75
0.8
0.83
0.87
0.9
0.93
------------------------------------------------------------------
	0	0.0006	0	0	0	0	0
	0	0.9506	0	0	0	0	0
	0.0488

	0.002528	0	2.4e-05	0	0	0	0
	0.084872	0	0.912576	0	0	0	0
	0

	0	0.00017424	0	1.44e-06	0	0	0
	0	0.134534	0	0.857821	0	0	0
	0.00746864

	0.000611904	0	1.1808e-05	0	8.64e-08	0	0
	0.0150926	0	0.177931	0	0.806352	0	0
	0

	0	0.000137828	0	2.54794e-06	0	1.8144e-08	0
	0	0.0492887	0	0.3099	0	0.637018	0
	0.00365285

	0.000911132	0	3.23096e-05	0	5.74698e-07	0	3.99168e-09
	0.0136927	0	0.106623	0	0.381866	0	0.496874
	0

Bottom Ones ---------------------------------------------
	0	0.837	0	0	0	0	0
	0	0.007	0	0	0	0	0
	0.156

	0.24453	0	0.72819	0	0	0	0
	0.02637	0	0.00091	0	0	0	0
	0

	0	0.326752	0	0.604398	0	0	0
	0	0.0052382	0	0.0001547	0	0	0
	0.0634572

	0.116116	0	0.382281	0	0.483518	0	0
	0.016882	0	0.0011714	0	3.094e-05	0	0
	0

	0	0.182657	0	0.407591	0	0.362639	0
	0	0.00509905	0	0.000316055	0	7.735e-06	0
	0.0416905

	0.105126	0	0.283877	0	0.387362	0	0.199451
	0.0215652	0	0.0024684	0	0.000146479	0	3.48075e-06
	0

Used for Final Calculation -------------------------------
	0.000911132	0	3.23096e-05	0	5.74698e-07	0	3.99168e-09
	0.0136927	0	0.106623	0	0.381866	0	0.496874
	0
-----------------------------------------------------------
	0.105126	0	0.283877	0	0.387362	0	0.199451
	0.0215652	0	0.0024684	0	0.000146479	0	3.48075e-06
	0
Case #7: 0.27875
TestCase 7 16 4*****************************************************************
Sorted Order------------------------------------------------------
0.02
0.02
0.02
0.04
0.61
0.62
0.64
0.65
0.65
0.65
0.66
0.66
0.67
0.67
0.68
0.68
------------------------------------------------------------------
	0	0.0004
	0	0.9604
	0.0392

Bottom Ones ---------------------------------------------
	0	0.4624
	0	0.1024
	0.4352

Used for Final Calculation -------------------------------
	0	0.0004
	0	0.9604
	0.0392
-----------------------------------------------------------
	0	0.4624
	0	0.1024
	0.4352
Case #8: 0.46119
TestCase 8 16 8*****************************************************************
Sorted Order------------------------------------------------------
0
0
0
0.01
0.01
0.02
0.02
0.02
0.02
0.08
0.16
0.2
0.34
0.41
0.45
0.49
------------------------------------------------------------------
	0	0	0	0
	0	1	0	0
	0

	0	0	0	0
	0	0	1	0
	0

	0	0	0	0
	0	0.01	0	0.99
	0

Bottom Ones ---------------------------------------------
	0	0.2205	0	0
	0	0.2805	0	0
	0.499

	0.334685	0	0.090405	0
	0.409415	0	0.165495	0
	0

	0	0.17346	0	0.0307377
	0	0.326482	0	0.109227
	0.360093

Used for Final Calculation -------------------------------
	0	0	0	0
	0	0.01	0	0.99
	0
-----------------------------------------------------------
	0	0.17346	0	0.0307377
	0	0.326482	0	0.109227
	0.360093
Case #9: 0.0321649
TestCase 9 4 2*****************************************************************
Sorted Order------------------------------------------------------
0
1
1
1
------------------------------------------------------------------
Bottom Ones ---------------------------------------------
Used for Final Calculation -------------------------------
	0
	1
	0
-----------------------------------------------------------
	1
	0
	0
Case #10: 1
TestCase 10 16 8*****************************************************************
Sorted Order------------------------------------------------------
0
0.02
0.02
0.03
0.05
0.05
0.07
0.08
0.93
0.94
0.94
0.96
0.96
0.97
0.98
0.98
------------------------------------------------------------------
	0	0	0	0
	0	0.98	0	0
	0.02

	0.0004	0	0	0
	0.0392	0	0.9604	0
	0

	0	1.2e-05	0	0
	0	0.066836	0	0.931588
	0.001564

Bottom Ones ---------------------------------------------
	0	0.9604	0	0
	0	0.0004	0	0
	0.0392

	0.066836	0	0.931588	0
	0.001564	0	1.2e-05	0
	0

	0	0.101426	0	0.894324
	0	7.408e-05	0	4.8e-07
	0.00417488

Used for Final Calculation -------------------------------
	0	1.2e-05	0	0
	0	0.066836	0	0.931588
	0.001564
-----------------------------------------------------------
	0	0.101426	0	0.894324
	0	7.408e-05	0	4.8e-07
	0.00417488
Case #11: 0.839927
TestCase 11 4 2*****************************************************************
Sorted Order------------------------------------------------------
0
0
0
0
------------------------------------------------------------------
Bottom Ones ---------------------------------------------
Used for Final Calculation -------------------------------
	0
	1
	0
-----------------------------------------------------------
	0
	1
	0
Case #12: 0
TestCase 12 2 2*****************************************************************
Sorted Order------------------------------------------------------
1
1
------------------------------------------------------------------
Bottom Ones ---------------------------------------------
Used for Final Calculation -------------------------------
	1
	0
	0
-----------------------------------------------------------
	1
	0
	0
Case #13: 0
TestCase 13 12 12*****************************************************************
Sorted Order------------------------------------------------------
0.06
0.44
0.45
0.46
0.48
0.5
0.51
0.6
0.69
0.8
0.82
0.89
------------------------------------------------------------------
	0	0.0264	0	0	0	0
	0	0.5264	0	0	0	0
	0.4472

	0.21576	0	0.01188	0	0	0
	0.48284	0	0.28952	0	0	0
	0

	0	0.105665	0	0.0054648	0	0
	0	0.393913	0	0.156341	0	0
	0.338617

	0.217482	0	0.0535608	0	0.0026231	0
	0.365159	0	0.279878	0	0.0812972	0
	0

	0	0.135521	0	0.028092	0	0.00131155
	0	0.322519	0	0.180588	0	0.0406486
	0.29132

Bottom Ones ---------------------------------------------
	0	0.7298	0	0	0	0
	0	0.0198	0	0	0	0
	0.2504

	0.34628	0	0.58384	0	0	0
	0.06592	0	0.00396	0	0	0
	0

	0	0.419924	0	0.40285	0	0
	0	0.0231676	0	0.0012276	0	0
	0.152832

	0.259668	0	0.413094	0	0.24171	0
	0.0750332	0	0.0100036	0	0.00049104	0
	0

	0	0.334847	0	0.329116	0	0.123272
	0	0.0418681	0	0.00515219	0	0.00024061
	0.165504

Used for Final Calculation -------------------------------
	0	0.135521	0	0.028092	0	0.00131155
	0	0.322519	0	0.180588	0	0.0406486
	0.29132
-----------------------------------------------------------
	0	0.334847	0	0.329116	0	0.123272
	0	0.0418681	0	0.00515219	0	0.00024061
	0.165504
Case #14: 0.226473
TestCase 14 8 4*****************************************************************
Sorted Order------------------------------------------------------
0
0
0
1
1
1
1
1
------------------------------------------------------------------
	0	0
	0	1
	0

Bottom Ones ---------------------------------------------
	0	1
	0	0
	0

Used for Final Calculation -------------------------------
	0	0
	0	1
	0
-----------------------------------------------------------
	0	1
	0	0
	0
Case #15: 1
TestCase 15 8 2*****************************************************************
Sorted Order------------------------------------------------------
0
0
0
0
1
1
1
1
------------------------------------------------------------------
Bottom Ones ---------------------------------------------
Used for Final Calculation -------------------------------
	0
	1
	0
-----------------------------------------------------------
	1
	0
	0
Case #16: 1
TestCase 16 16 8*****************************************************************
Sorted Order------------------------------------------------------
0
0
0
0
0.01
0.01
0.02
0.02
0.62
0.69
0.79
0.79
0.8
0.86
0.9
0.97
------------------------------------------------------------------
	0	0	0	0
	0	1	0	0
	0

	0	0	0	0
	0	0	1	0
	0

	0	0	0	0
	0	0	0	1
	0

Bottom Ones ---------------------------------------------
	0	0.873	0	0
	0	0.003	0	0
	0.124

	0.22886	0	0.75078	0
	0.01994	0	0.00042	0
	0

	0	0.333244	0	0.600624
	0	0.004324	0	8.4e-05
	0.061724

Used for Final Calculation -------------------------------
	0	0	0	0
	0	0	0	1
	0
-----------------------------------------------------------
	0	0.333244	0	0.600624
	0	0.004324	0	8.4e-05
	0.061724
Case #17: 0.600624
TestCase 17 16 10*****************************************************************
Sorted Order------------------------------------------------------
0.31
0.34
0.36
0.37
0.38
0.4
0.4
0.43
0.43
0.48
0.5
0.56
0.57
0.6
0.61
0.61
------------------------------------------------------------------
	0	0.1054	0	0	0
	0	0.4554	0	0	0
	0.4392

	0.225568	0	0.037944	0	0
	0.445032	0	0.291456	0	0
	0

	0	0.107365	0	0.0140393	0
	0	0.388209	0	0.183617	0
	0.30677

	0.183139	0	0.049503	0	0.00533493
	0.337717	0	0.310464	0	0.113843
	0

Bottom Ones ---------------------------------------------
	0	0.3721	0	0	0
	0	0.1521	0	0	0
	0.4758

	0.43432	0	0.22326	0	0
	0.28158	0	0.06084	0	0
	0

	0	0.343564	0	0.127258	0
	0	0.155758	0	0.0261612	0
	0.347258

	0.345633	0	0.24839	0	0.0712646
	0.240018	0	0.0831839	0	0.0115109
	0

Used for Final Calculation -------------------------------
	0.183139	0	0.049503	0	0.00533493
	0.337717	0	0.310464	0	0.113843
	0
-----------------------------------------------------------
	0.345633	0	0.24839	0	0.0712646
	0.240018	0	0.0831839	0	0.0115109
	0
Case #18: 0.250091
TestCase 18 16 10*****************************************************************
Sorted Order------------------------------------------------------
0.32
0.34
0.38
0.41
0.42
0.46
0.51
0.53
0.61
0.62
0.63
0.63
0.63
0.66
0.67
0.68
------------------------------------------------------------------
	0	0.1088	0	0	0
	0	0.4488	0	0	0
	0.4424

	0.235568	0	0.041344	0	0
	0.444832	0	0.278256	0	0
	0

	0	0.120976	0	0.016951	0
	0	0.376536	0	0.164171	0
	0.321366

	0.20514	0	0.0606415	0	0.00711944
	0.344537	0	0.287343	0	0.0952192
	0

Bottom Ones ---------------------------------------------
	0	0.4556	0	0	0
	0	0.1056	0	0	0
	0.4388

	0.444512	0	0.300696	0	0
	0.218888	0	0.035904	0	0
	0

	0	0.3913	0	0.189438	0
	0	0.103608	0	0.0132845	0
	0.302369

	0.335273	0	0.316611	0	0.119346
	0.17715	0	0.0467042	0	0.00491526
	0

Used for Final Calculation -------------------------------
	0.20514	0	0.0606415	0	0.00711944
	0.344537	0	0.287343	0	0.0952192
	0
-----------------------------------------------------------
	0.335273	0	0.316611	0	0.119346
	0.17715	0	0.0467042	0	0.00491526
	0
Case #19: 0.257062
TestCase 19 3 2*****************************************************************
Sorted Order------------------------------------------------------
0
0
1
------------------------------------------------------------------
Bottom Ones ---------------------------------------------
Used for Final Calculation -------------------------------
	0
	1
	0
-----------------------------------------------------------
	1
	0
	0
Case #20: 1
TestCase 20 16 2*****************************************************************
Sorted Order------------------------------------------------------
0.06
0.07
0.08
0.26
0.27
0.39
0.43
0.45
0.64
0.75
0.78
0.88
0.9
0.96
0.97
1
------------------------------------------------------------------
Bottom Ones ---------------------------------------------
Used for Final Calculation -------------------------------
	0.06
	0.94
	0
-----------------------------------------------------------
	1
	0
	0
Case #21: 0.94
TestCase 21 16 8*****************************************************************
Sorted Order------------------------------------------------------
0
0
0.01
0.01
0.03
0.04
0.04
0.05
0.05
0.06
0.07
0.1
0.63
0.66
0.67
0.68
------------------------------------------------------------------
	0	0	0	0
	0	1	0	0
	0

	0	0	0	0
	0.01	0	0.99	0
	0

	0	0	0	0
	0	0.0198	0	0.9801
	0.0001

Bottom Ones ---------------------------------------------
	0	0.4556	0	0
	0	0.1056	0	0
	0.4388

	0.444512	0	0.300696	0
	0.218888	0	0.035904	0
	0

	0	0.3913	0	0.189438
	0	0.103608	0	0.0132845
	0.302369

Used for Final Calculation -------------------------------
	0	0	0	0
	0	0.0198	0	0.9801
	0.0001
-----------------------------------------------------------
	0	0.3913	0	0.189438
	0	0.103608	0	0.0132845
	0.302369
Case #22: 0.193447
TestCase 22 16 14*****************************************************************
Sorted Order------------------------------------------------------
0.98
0.98
0.98
0.98
0.98
0.99
0.99
0.99
0.99
0.99
0.99
0.99
1
1
1
1
------------------------------------------------------------------
	0	0.9604	0	0	0	0	0
	0	0.0004	0	0	0	0	0
	0.0392

	0.057624	0	0.941192	0	0	0	0
	0.001176	0	8e-06	0	0	0	0
	0

	0	0.0752954	0	0.922368	0	0	0
	0	3.136e-05	0	1.6e-07	0	0	0
	0.00230496

	0.00376477	0	0.0922368	0	0.903921	0	0
	7.6832e-05	0	7.84e-07	0	3.2e-09	0	0
	0

	0	0.00464949	0	0.100354	0	0.894882	0
	0	1.54448e-06	0	1.1008e-08	0	3.2e-11	0
	0.000113711

	0.000159069	0	0.00560653	0	0.108299	0	0.885933
	2.66615e-06	0	2.63427e-08	0	1.4176e-10	0	3.2e-13
	0

Bottom Ones ---------------------------------------------
	0	1	0	0	0	0	0
	0	0	0	0	0	0	0
	0

	0	0	1	0	0	0	0
	0	0	0	0	0	0	0
	0

	0	0	0	1	0	0	0
	0	0	0	0	0	0	0
	0

	0	0	0.01	0	0.99	0	0
	0	0	0	0	0	0	0
	0

	0	0.0001	0	0.0198	0	0.9801	0
	0	0	0	0	0	0	0
	0

	1e-06	0	0.000297	0	0.029403	0	0.970299
	0	0	0	0	0	0	0
	0

Used for Final Calculation -------------------------------
	0.000159069	0	0.00560653	0	0.108299	0	0.885933
	2.66615e-06	0	2.63427e-08	0	1.4176e-10	0	3.2e-13
	0
-----------------------------------------------------------
	1e-06	0	0.000297	0	0.029403	0	0.970299
	0	0	0	0	0	0	0
	0
Case #23: 1.49686e-11
TestCase 23 16 6*****************************************************************
Sorted Order------------------------------------------------------
0.49
0.49
0.5
0.5
0.5
0.51
0.51
0.51
0.52
0.52
0.52
0.53
0.53
0.53
0.53
0.53
------------------------------------------------------------------
	0	0.2401	0
	0	0.2601	0
	0.4998

	0.36995	0	0.12005
	0.37995	0	0.13005
	0

Bottom Ones ---------------------------------------------
	0	0.2809	0
	0	0.2209	0
	0.4982

	0.396069	0	0.148877
	0.351231	0	0.103823
	0

Used for Final Calculation -------------------------------
	0.36995	0	0.12005
	0.37995	0	0.13005
	0
-----------------------------------------------------------
	0.396069	0	0.148877
	0.351231	0	0.103823
	0
Case #24: 0.31225
TestCase 24 16 10*****************************************************************
Sorted Order------------------------------------------------------
0.21
0.21
0.28
0.29
0.31
0.33
0.35
0.38
0.39
0.46
0.48
0.5
0.54
0.57
0.66
0.69
------------------------------------------------------------------
	0	0.0441	0	0	0
	0	0.6241	0	0	0
	0.3318

	0.124656	0	0.012348	0	0
	0.413644	0	0.449352	0	0
	0

	0	0.0449173	0	0.00358092	0
	0	0.423999	0	0.31904	0
	0.208463

	0.0956163	0	0.0163952	0	0.00111009
	0.275279	0	0.391462	0	0.220138
	0

Bottom Ones ---------------------------------------------
	0	0.4554	0	0	0
	0	0.1054	0	0	0
	0.4392

	0.446166	0	0.259578	0	0
	0.248934	0	0.045322	0	0
	0

	0	0.360336	0	0.140172	0
	0	0.138984	0	0.0208481	0
	0.339661

	0.349998	0	0.250254	0	0.0700861
	0.239322	0	0.0799158	0	0.0104241
	0

Used for Final Calculation -------------------------------
	0.0956163	0	0.0163952	0	0.00111009
	0.275279	0	0.391462	0	0.220138
	0
-----------------------------------------------------------
	0.349998	0	0.250254	0	0.0700861
	0.239322	0	0.0799158	0	0.0104241
	0
Case #25: 0.233945
TestCase 25 16 6*****************************************************************
Sorted Order------------------------------------------------------
0.49
0.49
0.49
0.5
0.5
0.51
0.51
0.51
0.52
0.52
0.52
0.53
0.53
0.53
0.53
0.53
------------------------------------------------------------------
	0	0.2401	0
	0	0.2601	0
	0.4998

	0.367353	0	0.117649
	0.382347	0	0.132651
	0

Bottom Ones ---------------------------------------------
	0	0.2809	0
	0	0.2209	0
	0.4982

	0.396069	0	0.148877
	0.351231	0	0.103823
	0

Used for Final Calculation -------------------------------
	0.367353	0	0.117649
	0.382347	0	0.132651
	0
-----------------------------------------------------------
	0.396069	0	0.148877
	0.351231	0	0.103823
	0
Case #26: 0.312425
TestCase 26 12 12*****************************************************************
Sorted Order------------------------------------------------------
0.09
0.13
0.16
0.22
0.26
0.57
0.57
0.64
0.65
0.65
0.67
0.68
------------------------------------------------------------------
	0	0.0117	0	0	0	0
	0	0.7917	0	0	0	0
	0.1966

	0.041284	0	0.001872	0	0	0
	0.291816	0	0.665028	0	0	0
	0

	0	0.0105426	0	0.00041184	0	0
	0	0.373923	0	0.518722	0	0
	0.096401

	0.0328658	0	0.00304585	0	0.000107078	0
	0.168557	0	0.41157	0	0.383854	0
	0

	0	0.0200432	0	0.00178218	0	6.10347e-05
	0	0.307075	0	0.395772	0	0.165057
	0.11021

Bottom Ones ---------------------------------------------
	0	0.4556	0	0	0	0
	0	0.1056	0	0	0	0
	0.4388

	0.44468	0	0.29614	0	0	0
	0.22222	0	0.03696	0	0	0
	0

	0	0.392691	0	0.192491	0	0
	0	0.101801	0	0.012936	0	0
	0.300081

	0.333421	0	0.320619	0	0.123194	0
	0.173182	0	0.0449274	0	0.00465696	0
	0

	0	0.327916	0	0.235726	0	0.0702207
	0	0.100077	0	0.0219732	0	0.00200249
	0.242084

Used for Final Calculation -------------------------------
	0	0.0200432	0	0.00178218	0	6.10347e-05
	0	0.307075	0	0.395772	0	0.165057
	0.11021
-----------------------------------------------------------
	0	0.327916	0	0.235726	0	0.0702207
	0	0.100077	0	0.0219732	0	0.00200249
	0.242084
Case #27: 0.234304
TestCase 27 16 8*****************************************************************
Sorted Order------------------------------------------------------
0.03
0.03
0.04
0.07
0.6
0.62
0.62
0.63
0.63
0.64
0.65
0.65
0.65
0.66
0.66
0.69
------------------------------------------------------------------
	0	0.0009	0	0
	0	0.9409	0	0
	0.0582

	0.003192	0	3.6e-05	0
	0.093508	0	0.903264	0
	0

	0	0.00025692	0	2.52e-06
	0	0.150191	0	0.840036
	0.00951412

Bottom Ones ---------------------------------------------
	0	0.4554	0	0
	0	0.1054	0	0
	0.4392

	0.444708	0	0.300564	0
	0.218892	0	0.035836	0
	0

	0	0.394258	0	0.195367
	0	0.0999056	0	0.0125426
	0.297928

Used for Final Calculation -------------------------------
	0	0.00025692	0	2.52e-06
	0	0.150191	0	0.840036
	0.00951412
-----------------------------------------------------------
	0	0.394258	0	0.195367
	0	0.0999056	0	0.0125426
	0.297928
Case #28: 0.226189
TestCase 28 16 12*****************************************************************
Sorted Order------------------------------------------------------
0.03
0.03
0.04
0.08
0.6
0.6
0.61
0.63
0.65
0.65
0.66
0.67
0.69
0.69
0.7
0.7
------------------------------------------------------------------
	0	0.0009	0	0	0	0
	0	0.9409	0	0	0	0
	0.0582

	0.003192	0	3.6e-05	0	0	0
	0.093508	0	0.903264	0	0	0
	0

	0	0.00028848	0	2.88e-06	0	0
	0	0.158288	0	0.831003	0	0
	0.0104173

	0.00636576	0	0.00017424	0	1.728e-06	0
	0.09914	0	0.561917	0	0.332401	0
	0

	0	0.00388915	0	0.000105235	0	1.0368e-06
	0	0.376806	0	0.424208	0	0.13296
	0.0620303

Bottom Ones ---------------------------------------------
	0	0.49	0	0	0	0
	0	0.09	0	0	0	0
	0.42

	0.4417	0	0.3381	0	0	0
	0.1923	0	0.0279	0	0	0
	0

	0	0.409584	0	0.233289	0	0
	0	0.078864	0	0.008649	0	0
	0.269614

	0.315804	0	0.351407	0	0.156304	0
	0.141812	0	0.03182	0	0.00285417	0
	0

	0	0.327909	0	0.285072	0	0.10316
	0	0.0692171	0	0.0127025	0	0.000970418
	0.200969

Used for Final Calculation -------------------------------
	0	0.00388915	0	0.000105235	0	1.0368e-06
	0	0.376806	0	0.424208	0	0.13296
	0.0620303
-----------------------------------------------------------
	0	0.327909	0	0.285072	0	0.10316
	0	0.0692171	0	0.0127025	0	0.000970418
	0.200969
Case #29: 0.270941
TestCase 29 3 2*****************************************************************
Sorted Order------------------------------------------------------
0.3
0.5
0.8
------------------------------------------------------------------
Bottom Ones ---------------------------------------------
Used for Final Calculation -------------------------------
	0.3
	0.7
	0
-----------------------------------------------------------
	0.8
	0.2
	0
Case #30: 0.62
TestCase 30 16 8*****************************************************************
Sorted Order------------------------------------------------------
0.56
0.63
0.65
0.78
0.79
0.97
0.98
0.98
0.98
0.99
0.99
0.99
0.99
1
1
1
------------------------------------------------------------------
	0	0.3528	0	0
	0	0.1628	0	0
	0.4844

	0.43834	0	0.22932	0
	0.27536	0	0.05698	0
	0

	0	0.392356	0	0.17887
	0	0.105024	0	0.0125356
	0.311216

Bottom Ones ---------------------------------------------
	0	1	0	0
	0	0	0	0
	0

	0	0	1	0
	0	0	0	0
	0

	0	0.01	0	0.99
	0	0	0	0
	0

Used for Final Calculation -------------------------------
	0	0.392356	0	0.17887
	0	0.105024	0	0.0125356
	0.311216
-----------------------------------------------------------
	0	0.01	0	0.99
	0	0	0	0
	0
Case #31: 0.0134605
TestCase 31 12 10*****************************************************************
Sorted Order------------------------------------------------------
0.08
0.11
0.25
0.43
0.45
0.46
0.59
0.64
0.71
0.87
0.97
0.97
------------------------------------------------------------------
	0	0.0088	0	0	0
	0	0.8188	0	0	0
	0.1724

	0.0497	0	0.0022	0	0
	0.334	0	0.6141	0	0
	0

	0	0.022625	0	0.000946	0
	0	0.454443	0	0.350037	0
	0.171949

	0.0898208	0	0.0107016	0	0.0004257
	0.299071	0	0.40746	0	0.19252
	0

Bottom Ones ---------------------------------------------
	0	0.9409	0	0	0
	0	0.0009	0	0	0
	0.0582

	0.172951	0	0.818583	0	0
	0.008349	0	0.000117	0	0
	0

	0	0.360184	0	0.581194	0
	0	0.00250428	0	3.393e-05	0
	0.0560836

	0.16556	0	0.439748	0	0.371964
	0.0217928	0	0.000923256	0	1.22148e-05
	0

Used for Final Calculation -------------------------------
	0.0898208	0	0.0107016	0	0.0004257
	0.299071	0	0.40746	0	0.19252
	0
-----------------------------------------------------------
	0.16556	0	0.439748	0	0.371964
	0.0217928	0	0.000923256	0	1.22148e-05
	0
Case #32: 0.302272
TestCase 32 4 2*****************************************************************
Sorted Order------------------------------------------------------
0
0
0.02
1
------------------------------------------------------------------
Bottom Ones ---------------------------------------------
Used for Final Calculation -------------------------------
	0
	1
	0
-----------------------------------------------------------
	1
	0
	0
Case #33: 1
TestCase 33 4 4*****************************************************************
Sorted Order------------------------------------------------------
0.01
0.01
0.98
0.99
------------------------------------------------------------------
	0	0.0001
	0	0.9801
	0.0198

Bottom Ones ---------------------------------------------
	0	0.9702
	0	0.0002
	0.0296

Used for Final Calculation -------------------------------
	0	0.0001
	0	0.9801
	0.0198
-----------------------------------------------------------
	0	0.9702
	0	0.0002
	0.0296
Case #34: 0.951479
TestCase 34 2 2*****************************************************************
Sorted Order------------------------------------------------------
0.05
0.45
------------------------------------------------------------------
Bottom Ones ---------------------------------------------
Used for Final Calculation -------------------------------
	0.05
	0.95
	0
-----------------------------------------------------------
	0.45
	0.55
	0
Case #35: 0.455
TestCase 35 16 6*****************************************************************
Sorted Order------------------------------------------------------
0.48
0.49
0.49
0.5
0.5
0.5
0.5
0.51
0.52
0.52
0.52
0.52
0.52
0.54
0.54
0.54
------------------------------------------------------------------
	0	0.2352	0
	0	0.2652	0
	0.4996

	0.364756	0	0.115248
	0.384744	0	0.135252
	0

Bottom Ones ---------------------------------------------
	0	0.2916	0
	0	0.2116	0
	0.4968

	0.402408	0	0.157464
	0.342792	0	0.097336
	0

Used for Final Calculation -------------------------------
	0.364756	0	0.115248
	0.384744	0	0.135252
	0
-----------------------------------------------------------
	0.402408	0	0.157464
	0.342792	0	0.097336
	0
Case #36: 0.312375
TestCase 36 16 10*****************************************************************
Sorted Order------------------------------------------------------
0.32
0.34
0.37
0.41
0.42
0.46
0.51
0.53
0.61
0.62
0.63
0.63
0.63
0.66
0.67
0.68
------------------------------------------------------------------
	0	0.1088	0	0	0
	0	0.4488	0	0	0
	0.4424

	0.232232	0	0.040256	0	0
	0.444768	0	0.282744	0	0
	0

	0	0.118966	0	0.016505	0
	0	0.378338	0	0.166819	0
	0.319372

	0.203137	0	0.0595387	0	0.00693208
	0.344138	0	0.2895	0	0.096755
	0

Bottom Ones ---------------------------------------------
	0	0.4556	0	0	0
	0	0.1056	0	0	0
	0.4388

	0.444512	0	0.300696	0	0
	0.218888	0	0.035904	0	0
	0

	0	0.3913	0	0.189438	0
	0	0.103608	0	0.0132845	0
	0.302369

	0.335273	0	0.316611	0	0.119346
	0.17715	0	0.0467042	0	0.00491526
	0

Used for Final Calculation -------------------------------
	0.203137	0	0.0595387	0	0.00693208
	0.344138	0	0.2895	0	0.096755
	0
-----------------------------------------------------------
	0.335273	0	0.316611	0	0.119346
	0.17715	0	0.0467042	0	0.00491526
	0
Case #37: 0.257387
TestCase 37 16 10*****************************************************************
Sorted Order------------------------------------------------------
0.01
0.02
0.04
0.05
0.62
0.62
0.65
0.65
0.66
0.67
0.68
0.68
0.69
0.7
0.7
0.7
------------------------------------------------------------------
	0	0.0002	0	0	0
	0	0.9702	0	0	0
	0.0296

	0.001376	0	8e-06	0	0
	0.067224	0	0.931392	0	0
	0

	0	7.64e-05	0	4e-07	0
	0	0.110432	0	0.884822	0
	0.0046684

	0.00292344	0	4.752e-05	0	2.48e-07
	0.0702421	0	0.590554	0	0.336233
	0

Bottom Ones ---------------------------------------------
	0	0.49	0	0	0
	0	0.09	0	0	0
	0.42

	0.441	0	0.343	0	0
	0.189	0	0.027	0	0
	0

	0	0.41062	0	0.23667	0
	0	0.07722	0	0.00837	0
	0.26712

	0.31304	0	0.354956	0	0.160936
	0.137988	0	0.030402	0	0.0026784
	0

Used for Final Calculation -------------------------------
	0.00292344	0	4.752e-05	0	2.48e-07
	0.0702421	0	0.590554	0	0.336233
	0
-----------------------------------------------------------
	0.31304	0	0.354956	0	0.160936
	0.137988	0	0.030402	0	0.0026784
	0
Case #38: 0.286126
TestCase 38 16 10*****************************************************************
Sorted Order------------------------------------------------------
0.98
0.98
0.98
0.98
0.98
0.98
0.99
0.99
0.99
1
1
1
1
1
1
1
------------------------------------------------------------------
	0	0.9604	0	0	0
	0	0.0004	0	0	0
	0.0392

	0.057624	0	0.941192	0	0
	0.001176	0	8e-06	0	0
	0

	0	0.0752954	0	0.922368	0
	0	3.136e-05	0	1.6e-07	0
	0.00230496

	0.00376477	0	0.0922368	0	0.903921
	7.6832e-05	0	7.84e-07	0	3.2e-09
	0

Bottom Ones ---------------------------------------------
	0	1	0	0	0
	0	0	0	0	0
	0

	0	0	1	0	0
	0	0	0	0	0
	0

	0	0	0	1	0
	0	0	0	0	0
	0

	0	0	0	0	1
	0	0	0	0	0
	0

Used for Final Calculation -------------------------------
	0.00376477	0	0.0922368	0	0.903921
	7.6832e-05	0	7.84e-07	0	3.2e-09
	0
-----------------------------------------------------------
	0	0	0	0	1
	0	0	0	0	0
	0
Case #39: 3.2e-09
TestCase 39 4 4*****************************************************************
Sorted Order------------------------------------------------------
0
0
1
1
------------------------------------------------------------------
	0	0
	0	1
	0

Bottom Ones ---------------------------------------------
	0	1
	0	0
	0

Used for Final Calculation -------------------------------
	0	0
	0	1
	0
-----------------------------------------------------------
	0	1
	0	0
	0
Case #40: 1
TestCase 40 2 2*****************************************************************
Sorted Order------------------------------------------------------
0
0
------------------------------------------------------------------
Bottom Ones ---------------------------------------------
Used for Final Calculation -------------------------------
	0
	1
	0
-----------------------------------------------------------
	0
	1
	0
Case #41: 0
TestCase 41 16 10*****************************************************************
Sorted Order------------------------------------------------------
0.2
0.21
0.28
0.29
0.31
0.33
0.35
0.38
0.39
0.46
0.48
0.5
0.54
0.57
0.66
0.69
------------------------------------------------------------------
	0	0.042	0	0	0
	0	0.632	0	0	0
	0.326

	0.12152	0	0.01176	0	0
	0.41168	0	0.45504	0	0
	0

	0	0.0435904	0	0.0034104	0
	0	0.424254	0	0.323078	0
	0.205666

	0.093834	0	0.0158662	0	0.00105722
	0.273429	0	0.39289	0	0.222924
	0

Bottom Ones ---------------------------------------------
	0	0.4554	0	0	0
	0	0.1054	0	0	0
	0.4392

	0.446166	0	0.259578	0	0
	0.248934	0	0.045322	0	0
	0

	0	0.360336	0	0.140172	0
	0	0.138984	0	0.0208481	0
	0.339661

	0.349998	0	0.250254	0	0.0700861
	0.239322	0	0.0799158	0	0.0104241
	0

Used for Final Calculation -------------------------------
	0.093834	0	0.0158662	0	0.00105722
	0.273429	0	0.39289	0	0.222924
	0
-----------------------------------------------------------
	0.349998	0	0.250254	0	0.0700861
	0.239322	0	0.0799158	0	0.0104241
	0
Case #42: 0.233381
TestCase 42 8 4*****************************************************************
Sorted Order------------------------------------------------------
0
1
1
1
1
1
1
1
------------------------------------------------------------------
	0	0
	0	0
	1

Bottom Ones ---------------------------------------------
	0	1
	0	0
	0

Used for Final Calculation -------------------------------
	0	0
	0	0
	1
-----------------------------------------------------------
	0	1
	0	0
	0
Case #43: 0
TestCase 43 16 8*****************************************************************
Sorted Order------------------------------------------------------
0.01
0.06
0.08
0.1
0.25
0.4
0.41
0.48
0.98
0.98
0.99
1
1
1
1
1
------------------------------------------------------------------
	0	0.0006	0	0
	0	0.9306	0	0
	0.0688

	0.006056	0	4.8e-05	0
	0.137744	0	0.856152	0
	0

	0	0.0006488	0	4.8e-06
	0	0.209585	0	0.770537
	0.0192248

Bottom Ones ---------------------------------------------
	0	1	0	0
	0	0	0	0
	0

	0	0	1	0
	0	0	0	0
	0

	0	0	0	1
	0	0	0	0
	0

Used for Final Calculation -------------------------------
	0	0.0006488	0	4.8e-06
	0	0.209585	0	0.770537
	0.0192248
-----------------------------------------------------------
	0	0	0	1
	0	0	0	0
	0
Case #44: 0.770537
TestCase 44 2 2*****************************************************************
Sorted Order------------------------------------------------------
0
0.5
------------------------------------------------------------------
Bottom Ones ---------------------------------------------
Used for Final Calculation -------------------------------
	0
	1
	0
-----------------------------------------------------------
	0.5
	0.5
	0
Case #45: 0.5
TestCase 45 16 10*****************************************************************
Sorted Order------------------------------------------------------
0.49
0.49
0.49
0.49
0.49
0.49
0.5
0.5
0.5
0.5
0.5
0.5
0.5
0.5
0.51
0.51
------------------------------------------------------------------
	0	0.2401	0	0	0
	0	0.2601	0	0	0
	0.4998

	0.367353	0	0.117649	0	0
	0.382347	0	0.132651	0	0
	0

	0	0.240004	0	0.057648	0
	0	0.259996	0	0.067652	0
	0.3747

	0.306005	0	0.147002	0	0.0282475
	0.318495	0	0.165747	0	0.0345025
	0

Bottom Ones ---------------------------------------------
	0	0.2601	0	0	0
	0	0.2401	0	0	0
	0.4998

	0.37995	0	0.13005	0	0
	0.36995	0	0.12005	0	0
	0

	0	0.255	0	0.065025	0
	0	0.245	0	0.060025	0
	0.37495

	0.314975	0	0.160013	0	0.0325125
	0.309975	0	0.152512	0	0.0300125
	0

Used for Final Calculation -------------------------------
	0.306005	0	0.147002	0	0.0282475
	0.318495	0	0.165747	0	0.0345025
	0
-----------------------------------------------------------
	0.314975	0	0.160013	0	0.0325125
	0.309975	0	0.152512	0	0.0300125
	0
Case #46: 0.246083
TestCase 46 16 10*****************************************************************
Sorted Order------------------------------------------------------
0
0
0.01
0.01
0.01
0.01
0.01
0.01
0.02
0.02
0.02
0.02
0.02
0.02
0.02
0.02
------------------------------------------------------------------
	0	0	0	0	0
	0	1	0	0	0
	0

	0	0	0	0	0
	0.01	0	0.99	0	0
	0

	0	0	0	0	0
	0	0.0198	0	0.9801	0
	0.0001

	1e-06	0	0	0	0
	0.000297	0	0.029403	0	0.970299
	0

Bottom Ones ---------------------------------------------
	0	0.0004	0	0	0
	0	0.9604	0	0	0
	0.0392

	0.001176	0	8e-06	0	0
	0.057624	0	0.941192	0	0
	0

	0	3.136e-05	0	1.6e-07	0
	0	0.0752954	0	0.922368	0
	0.00230496

	7.6832e-05	0	7.84e-07	0	3.2e-09
	0.00376477	0	0.0922368	0	0.903921
	0

Used for Final Calculation -------------------------------
	1e-06	0	0	0	0
	0.000297	0	0.029403	0	0.970299
	0
-----------------------------------------------------------
	7.6832e-05	0	7.84e-07	0	3.2e-09
	0.00376477	0	0.0922368	0	0.903921
	0
Case #47: 5.27408e-08
TestCase 47 8 6*****************************************************************
Sorted Order------------------------------------------------------
0
0
1
1
1
1
1
1
------------------------------------------------------------------
	0	0	0
	0	1	0
	0

	0	0	0
	1	0	0
	0

Bottom Ones ---------------------------------------------
	0	1	0
	0	0	0
	0

	0	0	1
	0	0	0
	0

Used for Final Calculation -------------------------------
	0	0	0
	1	0	0
	0
-----------------------------------------------------------
	0	0	1
	0	0	0
	0
Case #48: 0
TestCase 48 8 2*****************************************************************
Sorted Order------------------------------------------------------
0
0
0
1
1
1
1
1
------------------------------------------------------------------
Bottom Ones ---------------------------------------------
Used for Final Calculation -------------------------------
	0
	1
	0
-----------------------------------------------------------
	1
	0
	0
Case #49: 1
TestCase 49 8 4*****************************************************************
Sorted Order------------------------------------------------------
0
0
1
1
1
1
1
1
------------------------------------------------------------------
	0	0
	0	1
	0

Bottom Ones ---------------------------------------------
	0	1
	0	0
	0

Used for Final Calculation -------------------------------
	0	0
	0	1
	0
-----------------------------------------------------------
	0	1
	0	0
	0
Case #50: 1
TestCase 50 16 6*****************************************************************
Sorted Order------------------------------------------------------
0.04
0.05
0.07
0.09
0.6
0.6
0.61
0.63
0.64
0.65
0.66
0.67
0.68
0.68
0.68
0.69
------------------------------------------------------------------
	0	0.002	0
	0	0.912	0
	0.086

	0.00788	0	0.00014
	0.14382	0	0.84816
	0

Bottom Ones ---------------------------------------------
	0	0.4692	0
	0	0.0992	0
	0.4316

	0.443632	0	0.319056
	0.205568	0	0.031744
	0

Used for Final Calculation -------------------------------
	0.00788	0	0.00014
	0.14382	0	0.84816
	0
-----------------------------------------------------------
	0.443632	0	0.319056
	0.205568	0	0.031744
	0
Case #51: 0.336038
TestCase 51 16 10*****************************************************************
Sorted Order------------------------------------------------------
0.36
0.4
0.41
0.45
0.49
0.55
0.59
0.62
0.64
0.64
0.68
0.69
0.71
0.75
0.78
0.79
------------------------------------------------------------------
	0	0.144	0	0	0
	0	0.384	0	0	0
	0.472

	0.27848	0	0.05904	0	0
	0.43592	0	0.22656	0	0
	0

	0	0.157788	0	0.026568	0
	0	0.341708	0	0.124608	0
	0.349328

	0.251643	0	0.0908658	0	0.0130183
	0.345594	0	0.235329	0	0.0635501
	0

Bottom Ones ---------------------------------------------
	0	0.6162	0	0	0
	0	0.0462	0	0	0
	0.3376

	0.40725	0	0.46215	0	0
	0.11905	0	0.01155	0	0
	0

	0	0.423171	0	0.328127	0
	0	0.042725	0	0.0033495	0
	0.202628

	0.270996	0	0.393707	0	0.226407
	0.0922949	0	0.0155559	0	0.00103834
	0

Used for Final Calculation -------------------------------
	0.251643	0	0.0908658	0	0.0130183
	0.345594	0	0.235329	0	0.0635501
	0
-----------------------------------------------------------
	0.270996	0	0.393707	0	0.226407
	0.0922949	0	0.0155559	0	0.00103834
	0
Case #52: 0.225346
TestCase 52 16 8*****************************************************************
Sorted Order------------------------------------------------------
0.04
0.11
0.11
0.26
0.35
0.38
0.46
0.48
0.98
0.99
0.99
0.99
1
1
1
1
------------------------------------------------------------------
	0	0.0044	0	0
	0	0.8544	0	0
	0.1412

	0.019448	0	0.000484	0
	0.219652	0	0.760416	0
	0

	0	0.00541464	0	0.00012584
	0	0.360251	0	0.562708
	0.071501

Bottom Ones ---------------------------------------------
	0	1	0	0
	0	0	0	0
	0

	0	0	1	0
	0	0	0	0
	0

	0	0	0	1
	0	0	0	0
	0

Used for Final Calculation -------------------------------
	0	0.00541464	0	0.00012584
	0	0.360251	0	0.562708
	0.071501
-----------------------------------------------------------
	0	0	0	1
	0	0	0	0
	0
Case #53: 0.562708
TestCase 53 16 10*****************************************************************
Sorted Order------------------------------------------------------
0.36
0.39
0.41
0.45
0.49
0.55
0.59
0.62
0.64
0.64
0.68
0.69
0.71
0.75
0.78
0.79
------------------------------------------------------------------
	0	0.1404	0	0	0
	0	0.3904	0	0	0
	0.4692

	0.275208	0	0.057564	0	0
	0.436892	0	0.230336	0	0
	0

	0	0.155504	0	0.0259038	0
	0	0.343942	0	0.126685	0
	0.347966

	0.24981	0	0.0894078	0	0.0126929
	0.345994	0	0.237486	0	0.0646092
	0

Bottom Ones ---------------------------------------------
	0	0.6162	0	0	0
	0	0.0462	0	0	0
	0.3376

	0.40725	0	0.46215	0	0
	0.11905	0	0.01155	0	0
	0

	0	0.423171	0	0.328127	0
	0	0.042725	0	0.0033495	0
	0.202628

	0.270996	0	0.393707	0	0.226407
	0.0922949	0	0.0155559	0	0.00103834
	0

Used for Final Calculation -------------------------------
	0.24981	0	0.0894078	0	0.0126929
	0.345994	0	0.237486	0	0.0646092
	0
-----------------------------------------------------------
	0.270996	0	0.393707	0	0.226407
	0.0922949	0	0.0155559	0	0.00103834
	0
Case #54: 0.226351
TestCase 54 4 2*****************************************************************
Sorted Order------------------------------------------------------
0
0.98
1
1
------------------------------------------------------------------
Bottom Ones ---------------------------------------------
Used for Final Calculation -------------------------------
	0
	1
	0
-----------------------------------------------------------
	1
	0
	0
Case #55: 1
TestCase 55 3 2*****************************************************************
Sorted Order------------------------------------------------------
0.4
0.5
0.6
------------------------------------------------------------------
Bottom Ones ---------------------------------------------
Used for Final Calculation -------------------------------
	0.4
	0.6
	0
-----------------------------------------------------------
	0.6
	0.4
	0
Case #56: 0.52
TestCase 56 8 2*****************************************************************
Sorted Order------------------------------------------------------
1
1
1
1
1
1
1
1
------------------------------------------------------------------
Bottom Ones ---------------------------------------------
Used for Final Calculation -------------------------------
	1
	0
	0
-----------------------------------------------------------
	1
	0
	0
Case #57: 0
TestCase 57 16 8*****************************************************************
Sorted Order------------------------------------------------------
0
0
0.01
0.01
0.02
0.02
0.02
0.02
0.15
0.23
0.25
0.28
0.33
0.39
0.44
0.5
------------------------------------------------------------------
	0	0	0	0
	0	1	0	0
	0

	0	0	0	0
	0.01	0	0.99	0
	0

	0	0	0	0
	0	0.0198	0	0.9801
	0.0001

Bottom Ones ---------------------------------------------
	0	0.22	0	0
	0	0.28	0	0
	0.5

	0.3292	0	0.0858	0
	0.4142	0	0.1708	0
	0

	0	0.166122	0	0.028314
	0	0.333878	0	0.114436
	0.35725

Used for Final Calculation -------------------------------
	0	0	0	0
	0	0.0198	0	0.9801
	0.0001
-----------------------------------------------------------
	0	0.166122	0	0.028314
	0	0.333878	0	0.114436
	0.35725
Case #58: 0.0310755
TestCase 58 16 6*****************************************************************
Sorted Order------------------------------------------------------
0
0
0
0
0
0
0.01
0.01
0.01
0.01
0.01
0.02
0.02
0.02
0.02
0.02
------------------------------------------------------------------
	0	0	0
	0	1	0
	0

	0	0	0
	0	0	1
	0

Bottom Ones ---------------------------------------------
	0	0.0004	0
	0	0.9604	0
	0.0392

	0.001176	0	8e-06
	0.057624	0	0.941192
	0

Used for Final Calculation -------------------------------
	0	0	0
	0	0	1
	0
-----------------------------------------------------------
	0.001176	0	8e-06
	0.057624	0	0.941192
	0
Case #59: 8e-06
TestCase 59 16 8*****************************************************************
Sorted Order------------------------------------------------------
0.68
0.73
0.74
0.78
0.89
0.9
0.93
0.98
0.99
0.99
0.99
1
1
1
1
1
------------------------------------------------------------------
	0	0.4964	0	0
	0	0.0864	0	0
	0.4172

	0.437792	0	0.367336	0
	0.172408	0	0.022464	0
	0

	0	0.422292	0	0.286522
	0	0.0554517	0	0.00494208
	0.230792

Bottom Ones ---------------------------------------------
	0	1	0	0
	0	0	0	0
	0

	0	0	1	0
	0	0	0	0
	0

	0	0	0	1
	0	0	0	0
	0

Used for Final Calculation -------------------------------
	0	0.422292	0	0.286522
	0	0.0554517	0	0.00494208
	0.230792
-----------------------------------------------------------
	0	0	0	1
	0	0	0	0
	0
Case #60: 0.00494208
TestCase 60 16 2*****************************************************************
Sorted Order------------------------------------------------------
0
0.02
0.02
0.03
0.04
0.05
0.05
0.06
0.07
0.09
0.09
0.1
0.64
0.66
0.67
0.67
------------------------------------------------------------------
Bottom Ones ---------------------------------------------
Used for Final Calculation -------------------------------
	0
	1
	0
-----------------------------------------------------------
	0.67
	0.33
	0
Case #61: 0.67
TestCase 61 16 10*****************************************************************
Sorted Order------------------------------------------------------
0.01
0.02
0.02
0.02
0.04
0.05
0.06
0.07
0.08
0.08
0.08
0.08
0.62
0.62
0.65
0.7
------------------------------------------------------------------
	0	0.0002	0	0	0
	0	0.9702	0	0	0
	0.0296

	0.000788	0	4e-06	0	0
	0.048412	0	0.950796	0	0
	0

	0	1.968e-05	0	8e-08	0
	0	0.0664597	0	0.93178	0
	0.00174048

	8.8512e-05	0	8.64e-07	0	3.2e-09
	0.00432925	0	0.101072	0	0.894509
	0

Bottom Ones ---------------------------------------------
	0	0.455	0	0	0
	0	0.105	0	0	0
	0.44

	0.4457	0	0.2821	0	0
	0.2323	0	0.0399	0	0
	0

	0	0.383532	0	0.174902	0
	0	0.113012	0	0.015162	0
	0.313392

	0.377921	0	0.191592	0	0.0139922
	0.297362	0	0.105184	0	0.013949
	0

Used for Final Calculation -------------------------------
	8.8512e-05	0	8.64e-07	0	3.2e-09
	0.00432925	0	0.101072	0	0.894509
	0
-----------------------------------------------------------
	0.377921	0	0.191592	0	0.0139922
	0.297362	0	0.105184	0	0.013949
	0
Case #62: 0.0335434
TestCase 62 8 2*****************************************************************
Sorted Order------------------------------------------------------
0
0
1
1
1
1
1
1
------------------------------------------------------------------
Bottom Ones ---------------------------------------------
Used for Final Calculation -------------------------------
	0
	1
	0
-----------------------------------------------------------
	1
	0
	0
Case #63: 1
TestCase 63 16 6*****************************************************************
Sorted Order------------------------------------------------------
0.02
0.06
0.07
0.07
0.14
0.14
0.15
0.17
0.19
0.32
0.52
0.58
0.69
0.71
0.74
0.83
------------------------------------------------------------------
	0	0.0012	0
	0	0.9212	0
	0.0776

	0.006548	0	8.4e-05
	0.136652	0	0.856716
	0

Bottom Ones ---------------------------------------------
	0	0.6142	0
	0	0.0442	0
	0.3416

	0.420654	0	0.436082
	0.130446	0	0.012818
	0

Used for Final Calculation -------------------------------
	0.006548	0	8.4e-05
	0.136652	0	0.856716
	0
-----------------------------------------------------------
	0.420654	0	0.436082
	0.130446	0	0.012818
	0
Case #64: 0.431937
TestCase 64 4 2*****************************************************************
Sorted Order------------------------------------------------------
0.01
0.01
0.98
0.99
------------------------------------------------------------------
Bottom Ones ---------------------------------------------
Used for Final Calculation -------------------------------
	0.01
	0.99
	0
-----------------------------------------------------------
	0.99
	0.01
	0
Case #65: 0.9802
TestCase 65 16 10*****************************************************************
Sorted Order------------------------------------------------------
0.05
0.12
0.19
0.24
0.25
0.35
0.38
0.43
0.75
0.77
0.8
0.83
0.86
0.86
0.92
1
------------------------------------------------------------------
	0	0.006	0	0	0
	0	0.836	0	0	0
	0.158

	0.03488	0	0.00114	0	0
	0.28682	0	0.67716	0	0
	0

	0	0.0092376	0	0.0002736	0
	0	0.380502	0	0.514642	0
	0.0953456

	0.0307646	0	0.0025146	0	6.84e-05
	0.166635	0	0.414037	0	0.385981
	0

Bottom Ones ---------------------------------------------
	0	0.92	0	0	0
	0	0	0	0	0
	0.08

	0.1976	0	0.7912	0	0
	0.0112	0	0	0	0
	0

	0	0.280704	0	0.680432	0
	0	0.001568	0	0	0
	0.037296

	0.0786754	0	0.348658	0	0.564759
	0.00764176	0	0.00026656	0	0
	0

Used for Final Calculation -------------------------------
	0.0307646	0	0.0025146	0	6.84e-05
	0.166635	0	0.414037	0	0.385981
	0
-----------------------------------------------------------
	0.0786754	0	0.348658	0	0.564759
	0.00764176	0	0.00026656	0	0
	0
Case #66: 0.375689
TestCase 66 8 4*****************************************************************
Sorted Order------------------------------------------------------
1
1
1
1
1
1
1
1
------------------------------------------------------------------
	0	1
	0	0
	0

Bottom Ones ---------------------------------------------
	0	1
	0	0
	0

Used for Final Calculation -------------------------------
	0	1
	0	0
	0
-----------------------------------------------------------
	0	1
	0	0
	0
Case #67: 0
TestCase 67 8 6*****************************************************************
Sorted Order------------------------------------------------------
0
1
1
1
1
1
1
1
------------------------------------------------------------------
	0	0	0
	0	0	0
	1

	1	0	0
	0	0	0
	0

Bottom Ones ---------------------------------------------
	0	1	0
	0	0	0
	0

	0	0	1
	0	0	0
	0

Used for Final Calculation -------------------------------
	1	0	0
	0	0	0
	0
-----------------------------------------------------------
	0	0	1
	0	0	0
	0
Case #68: 0
TestCase 68 16 2*****************************************************************
Sorted Order------------------------------------------------------
0
0.03
0.05
0.07
0.61
0.61
0.61
0.61
0.64
0.65
0.66
0.66
0.68
0.69
0.69
0.7
------------------------------------------------------------------
Bottom Ones ---------------------------------------------
Used for Final Calculation -------------------------------
	0
	1
	0
-----------------------------------------------------------
	0.7
	0.3
	0
Case #69: 0.7
TestCase 69 16 6*****************************************************************
Sorted Order------------------------------------------------------
0.34
0.35
0.36
0.39
0.4
0.41
0.42
0.42
0.44
0.46
0.47
0.48
0.5
0.67
0.67
0.69
------------------------------------------------------------------
	0	0.119	0
	0	0.429	0
	0.452

	0.23888	0	0.04284
	0.44372	0	0.27456
	0

Bottom Ones ---------------------------------------------
	0	0.4623	0
	0	0.1023	0
	0.4354

	0.444277	0	0.309741
	0.212223	0	0.033759
	0

Used for Final Calculation -------------------------------
	0.23888	0	0.04284
	0.44372	0	0.27456
	0
-----------------------------------------------------------
	0.444277	0	0.309741
	0.212223	0	0.033759
	0
Case #70: 0.334319
TestCase 70 3 2*****************************************************************
Sorted Order------------------------------------------------------
0.1
0.5
0.8
------------------------------------------------------------------
Bottom Ones ---------------------------------------------
Used for Final Calculation -------------------------------
	0.1
	0.9
	0
-----------------------------------------------------------
	0.8
	0.2
	0
Case #71: 0.74
TestCase 71 8 2*****************************************************************
Sorted Order------------------------------------------------------
0
1
1
1
1
1
1
1
------------------------------------------------------------------
Bottom Ones ---------------------------------------------
Used for Final Calculation -------------------------------
	0
	1
	0
-----------------------------------------------------------
	1
	0
	0
Case #72: 1
TestCase 72 3 2*****************************************************************
Sorted Order------------------------------------------------------
0.5
0.5
0.5
------------------------------------------------------------------
Bottom Ones ---------------------------------------------
Used for Final Calculation -------------------------------
	0.5
	0.5
	0
-----------------------------------------------------------
	0.5
	0.5
	0
Case #73: 0.5
TestCase 73 16 2*****************************************************************
Sorted Order------------------------------------------------------
0
0
0
0.01
0.01
0.01
0.01
0.01
0.01
0.02
0.02
0.02
0.02
0.02
0.02
0.02
------------------------------------------------------------------
Bottom Ones ---------------------------------------------
Used for Final Calculation -------------------------------
	0
	1
	0
-----------------------------------------------------------
	0.02
	0.98
	0
Case #74: 0.02
TestCase 74 16 6*****************************************************************
Sorted Order------------------------------------------------------
0.49
0.49
0.49
0.5
0.5
0.5
0.5
0.5
0.5
0.5
0.5
0.51
0.51
0.51
0.51
0.51
------------------------------------------------------------------
	0	0.2401	0
	0	0.2601	0
	0.4998

	0.367353	0	0.117649
	0.382347	0	0.132651
	0

Bottom Ones ---------------------------------------------
	0	0.2601	0
	0	0.2401	0
	0.4998

	0.382347	0	0.132651
	0.367353	0	0.117649
	0

Used for Final Calculation -------------------------------
	0.367353	0	0.117649
	0.382347	0	0.132651
	0
-----------------------------------------------------------
	0.382347	0	0.132651
	0.367353	0	0.117649
	0
Case #75: 0.312575
TestCase 75 16 6*****************************************************************
Sorted Order------------------------------------------------------
0.01
0.02
0.04
0.04
0.05
0.06
0.07
0.08
0.09
0.1
0.1
0.1
0.62
0.62
0.63
0.67
------------------------------------------------------------------
	0	0.0002	0
	0	0.9702	0
	0.0296

	0.001376	0	8e-06
	0.067224	0	0.931392
	0

Bottom Ones ---------------------------------------------
	0	0.4221	0
	0	0.1221	0
	0.4558

	0.442994	0	0.261702
	0.248906	0	0.046398
	0

Used for Final Calculation -------------------------------
	0.001376	0	8e-06
	0.067224	0	0.931392
	0
-----------------------------------------------------------
	0.442994	0	0.261702
	0.248906	0	0.046398
	0
Case #76: 0.27387
TestCase 76 16 2*****************************************************************
Sorted Order------------------------------------------------------
0.49
0.49
0.49
0.49
0.49
0.49
0.49
0.5
0.5
0.5
0.51
0.51
0.51
0.51
0.51
0.51
------------------------------------------------------------------
Bottom Ones ---------------------------------------------
Used for Final Calculation -------------------------------
	0.49
	0.51
	0
-----------------------------------------------------------
	0.51
	0.49
	0
Case #77: 0.5002
TestCase 77 16 14*****************************************************************
Sorted Order------------------------------------------------------
0.01
0.03
0.04
0.05
0.6
0.62
0.62
0.64
0.64
0.65
0.67
0.67
0.68
0.68
0.7
0.7
------------------------------------------------------------------
	0	0.0003	0	0	0	0	0
	0	0.9603	0	0	0	0	0
	0.0394

	0.001864	0	1.2e-05	0	0	0	0
	0.076236	0	0.921888	0	0	0	0
	0

	0	0.0001046	0	6e-07	0	0	0
	0	0.118519	0	0.875794	0	0	0
	0.0055826

	0.0033914	0	6.3e-05	0	3.6e-07	0	0
	0.0733442	0	0.572884	0	0.350317	0	0
	0

	0	0.00212661	0	3.91968e-05	0	2.232e-07	0
	0	0.383059	0	0.434893	0	0.133121	0
	0.0467621

	0.0298006	0	0.00133339	0	2.43868e-05	0	1.38384e-07
	0.255266	0	0.415196	0	0.247794	0	0.0505858
	0

Bottom Ones ---------------------------------------------
	0	0.49	0	0	0	0	0
	0	0.09	0	0	0	0	0
	0.42

	0.4424	0	0.3332	0	0	0	0
	0.1956	0	0.0288	0	0	0	0
	0

	0	0.407456	0	0.226576	0	0	0
	0	0.082176	0	0.009216	0	0	0
	0.274576

	0.318426	0	0.347766	0	0.151806	0	0
	0.145668	0	0.0332928	0	0.00304128	0	0
	0

	0	0.328108	0	0.283099	0	0.10171	0
	0	0.0703766	0	0.0130243	0	0.00100362	0
	0.202678

	0.246579	0	0.312355	0	0.219613	0	0.0661115
	0.116682	0	0.0330976	0	0.00521085	0	0.000351268
	0

Used for Final Calculation -------------------------------
	0.0298006	0	0.00133339	0	2.43868e-05	0	1.38384e-07
	0.255266	0	0.415196	0	0.247794	0	0.0505858
	0
-----------------------------------------------------------
	0.246579	0	0.312355	0	0.219613	0	0.0661115
	0.116682	0	0.0330976	0	0.00521085	0	0.000351268
	0
Case #78: 0.253916
TestCase 78 16 8*****************************************************************
Sorted Order------------------------------------------------------
0.01
0.01
0.02
0.02
0.03
0.05
0.06
0.09
0.1
0.16
0.28
0.31
0.49
0.78
0.81
0.88
------------------------------------------------------------------
	0	0.0001	0	0
	0	0.9801	0	0
	0.0198

	0.000494	0	2e-06	0
	0.039006	0	0.960498	0
	0

	0	1.184e-05	0	4e-08
	0	0.0574358	0	0.941288
	0.00126424

Bottom Ones ---------------------------------------------
	0	0.7128	0	0
	0	0.0228	0	0
	0.2644

	0.363048	0	0.555984	0
	0.075952	0	0.005016	0
	0

	0	0.461445	0	0.272432
	0	0.0411934	0	0.00255816
	0.222371

Used for Final Calculation -------------------------------
	0	1.184e-05	0	4e-08
	0	0.0574358	0	0.941288
	0.00126424
-----------------------------------------------------------
	0	0.461445	0	0.272432
	0	0.0411934	0	0.00255816
	0.222371
Case #79: 0.283222
TestCase 79 2 2*****************************************************************
Sorted Order------------------------------------------------------
0
1
------------------------------------------------------------------
Bottom Ones ---------------------------------------------
Used for Final Calculation -------------------------------
	0
	1
	0
-----------------------------------------------------------
	1
	0
	0
Case #80: 1
TestCase 80 16 8*****************************************************************
Sorted Order------------------------------------------------------
0.02
0.02
0.03
0.06
0.07
0.09
0.1
0.1
0.11
0.13
0.17
0.2
0.56
0.6
0.67
0.72
------------------------------------------------------------------
	0	0.0004	0	0
	0	0.9604	0	0
	0.0392

	0.001564	0	1.2e-05	0
	0.066836	0	0.931588	0
	0

	0	0.00010512	0	7.2e-07
	0	0.118721	0	0.875693
	0.00548032

Bottom Ones ---------------------------------------------
	0	0.4824	0	0
	0	0.0924	0	0
	0.4252

	0.44808	0	0.28944	0
	0.22552	0	0.03696	0
	0

	0	0.378278	0	0.162086
	0	0.119926	0	0.0162624
	0.323446

Used for Final Calculation -------------------------------
	0	0.00010512	0	7.2e-07
	0	0.118721	0	0.875693
	0.00548032
-----------------------------------------------------------
	0	0.378278	0	0.162086
	0	0.119926	0	0.0162624
	0.323446
Case #81: 0.188633
TestCase 81 4 2*****************************************************************
Sorted Order------------------------------------------------------
0
0
0
1
------------------------------------------------------------------
Bottom Ones ---------------------------------------------
Used for Final Calculation -------------------------------
	0
	1
	0
-----------------------------------------------------------
	1
	0
	0
Case #82: 1
TestCase 82 3 2*****************************************************************
Sorted Order------------------------------------------------------
0.01
0.02
0.04
------------------------------------------------------------------
Bottom Ones ---------------------------------------------
Used for Final Calculation -------------------------------
	0.01
	0.99
	0
-----------------------------------------------------------
	0.04
	0.96
	0
Case #83: 0.0492
TestCase 83 16 8*****************************************************************
Sorted Order------------------------------------------------------
0
0.02
0.03
0.04
0.06
0.06
0.07
0.08
0.9
0.92
0.93
0.94
0.94
0.97
0.98
0.98
------------------------------------------------------------------
	0	0	0	0
	0	0.98	0	0
	0.02

	0.0006	0	0	0
	0.0488	0	0.9506	0
	0

	0	2.4e-05	0	0
	0	0.084872	0	0.912576
	0.002528

Bottom Ones ---------------------------------------------
	0	0.9604	0	0
	0	0.0004	0	0
	0.0392

	0.066836	0	0.931588	0
	0.001564	0	1.2e-05	0
	0

	0	0.118721	0	0.875693
	0	0.00010512	0	7.2e-07
	0.00548032

Used for Final Calculation -------------------------------
	0	2.4e-05	0	0
	0	0.084872	0	0.912576
	0.002528
-----------------------------------------------------------
	0	0.118721	0	0.875693
	0	0.00010512	0	7.2e-07
	0.00548032
Case #84: 0.809226
TestCase 84 16 8*****************************************************************
Sorted Order------------------------------------------------------
0
0.02
0.05
0.06
0.08
0.1
0.1
0.1
0.91
0.92
0.95
0.95
0.96
0.98
0.99
1
------------------------------------------------------------------
	0	0	0	0
	0	0.98	0	0
	0.02

	0.001	0	0	0
	0.068	0	0.931	0
	0

	0	6e-05	0	0
	0	0.11978	0	0.87514
	0.00502

Bottom Ones ---------------------------------------------
	0	0.99	0	0
	0	0	0	0
	0.01

	0.0296	0	0.9702	0
	0.0002	0	0	0
	0

	0	0.067224	0	0.931392
	0	8e-06	0	0
	0.001376

Used for Final Calculation -------------------------------
	0	6e-05	0	0
	0	0.11978	0	0.87514
	0.00502
-----------------------------------------------------------
	0	0.067224	0	0.931392
	0	8e-06	0	0
	0.001376
Case #85: 0.823157
TestCase 85 4 2*****************************************************************
Sorted Order------------------------------------------------------
0
0
0
0.02
------------------------------------------------------------------
Bottom Ones ---------------------------------------------
Used for Final Calculation -------------------------------
	0
	1
	0
-----------------------------------------------------------
	0.02
	0.98
	0
Case #86: 0.02
TestCase 86 8 6*****************************************************************
Sorted Order------------------------------------------------------
0
0
0
1
1
1
1
1
------------------------------------------------------------------
	0	0	0
	0	1	0
	0

	0	0	0
	0	0	1
	0

Bottom Ones ---------------------------------------------
	0	1	0
	0	0	0
	0

	0	0	1
	0	0	0
	0

Used for Final Calculation -------------------------------
	0	0	0
	0	0	1
	0
-----------------------------------------------------------
	0	0	1
	0	0	0
	0
Case #87: 1
TestCase 87 16 8*****************************************************************
Sorted Order------------------------------------------------------
0
0.01
0.03
0.05
0.06
0.06
0.07
0.07
0.08
0.23
0.28
0.32
0.34
0.9
0.92
0.97
------------------------------------------------------------------
	0	0	0	0
	0	0.99	0	0
	0.01

	0.0003	0	0	0
	0.0394	0	0.9603	0
	0

	0	1.5e-05	0	0
	0	0.085445	0	0.912285
	0.002255

Bottom Ones ---------------------------------------------
	0	0.8924	0	0
	0	0.0024	0	0
	0.1052

	0.18392	0	0.80316	0
	0.01268	0	0.00024	0
	0

	0	0.592618	0	0.273074
	0	0.0084504	0	0.0001584
	0.125698

Used for Final Calculation -------------------------------
	0	1.5e-05	0	0
	0	0.085445	0	0.912285
	0.002255
-----------------------------------------------------------
	0	0.592618	0	0.273074
	0	0.0084504	0	0.0001584
	0.125698
Case #88: 0.300042
TestCase 88 16 14*****************************************************************
Sorted Order------------------------------------------------------
0
0
0
0
0
0
0.01
0.01
0.01
0.01
0.01
0.01
0.02
0.02
0.02
0.02
------------------------------------------------------------------
	0	0	0	0	0	0	0
	0	1	0	0	0	0	0
	0

	0	0	0	0	0	0	0
	0	0	1	0	0	0	0
	0

	0	0	0	0	0	0	0
	0	0	0	1	0	0	0
	0

	0	0	0	0	0	0	0
	0	0	0	0	1	0	0
	0

	0	0	0	0	0	0	0
	0	0	0	0	0	1	0
	0

	0	0	0	0	0	0	0
	0	0	0	0	0.01	0	0.99
	0

Bottom Ones ---------------------------------------------
	0	0.0004	0	0	0	0	0
	0	0.9604	0	0	0	0	0
	0.0392

	0.001176	0	8e-06	0	0	0	0
	0.057624	0	0.941192	0	0	0	0
	0

	0	3.136e-05	0	1.6e-07	0	0	0
	0	0.0752954	0	0.922368	0	0	0
	0.00230496

	5.4096e-05	0	4.72e-07	0	1.6e-09	0	0
	0.00303486	0	0.0837661	0	0.913144	0	0
	0

	0	1.00824e-06	0	6.304e-09	0	1.6e-11	0
	0	0.00384218	0	0.0920599	0	0.904013	0
	8.39037e-05

	1.83719e-06	0	1.63234e-08	0	7.888e-11	0	1.6e-13
	0.000121486	0	0.00472435	0	0.100179	0	0.894973
	0

Used for Final Calculation -------------------------------
	0	0	0	0	0	0	0
	0	0	0	0	0.01	0	0.99
	0
-----------------------------------------------------------
	1.83719e-06	0	1.63234e-08	0	7.888e-11	0	1.6e-13
	0.000121486	0	0.00472435	0	0.100179	0	0.894973
	0
Case #89: 9.472e-13
TestCase 89 8 6*****************************************************************
Sorted Order------------------------------------------------------
1
1
1
1
1
1
1
1
------------------------------------------------------------------
	0	1	0
	0	0	0
	0

	0	0	1
	0	0	0
	0

Bottom Ones ---------------------------------------------
	0	1	0
	0	0	0
	0

	0	0	1
	0	0	0
	0

Used for Final Calculation -------------------------------
	0	0	1
	0	0	0
	0
-----------------------------------------------------------
	0	0	1
	0	0	0
	0
Case #90: 0
TestCase 90 16 14*****************************************************************
Sorted Order------------------------------------------------------
0.32
0.33
0.34
0.36
0.37
0.4
0.41
0.42
0.45
0.46
0.48
0.51
0.58
0.59
0.64
0.68
------------------------------------------------------------------
	0	0.1056	0	0	0	0	0
	0	0.4556	0	0	0	0	0
	0.4388

	0.218888	0	0.035904	0	0	0	0
	0.444512	0	0.300696	0	0	0	0
	0

	0	0.101778	0	0.0129254	0	0	0
	0	0.392738	0	0.192445	0	0	0
	0.300113

	0.175162	0	0.045801	0	0.00478241	0	0
	0.334384	0	0.31863	0	0.121241	0	0
	0

	0	0.0975454	0	0.0211898	0	0.00191297	0
	0	0.328082	0	0.239674	0	0.0727444	0
	0.238851

	0.155481	0	0.0524956	0	0.00981648	0	0.000784316
	0.275436	0	0.291835	0	0.171233	0	0.0429192
	0

Bottom Ones ---------------------------------------------
	0	0.4352	0	0	0	0	0
	0	0.1152	0	0	0	0	0
	0.4496

	0.443696	0	0.256768	0	0	0	0
	0.252304	0	0.047232	0	0	0	0
	0

	0	0.365186	0	0.148925	0	0	0
	0	0.133362	0	0.0198374	0	0	0
	0.332689

	0.348612	0	0.259218	0	0.075952	0	0
	0.231032	0	0.0754646	0	0.00972035	0	0
	0

	0	0.302128	0	0.16392	0	0.0364569	0
	0	0.15636	0	0.0439074	0	0.00505458	0
	0.292174

	0.297549	0	0.227495	0	0.0950899	0	0.0167702
	0.229699	0	0.104632	0	0.0260351	0	0.00272947
	0

Used for Final Calculation -------------------------------
	0.155481	0	0.0524956	0	0.00981648	0	0.000784316
	0.275436	0	0.291835	0	0.171233	0	0.0429192
	0
-----------------------------------------------------------
	0.297549	0	0.227495	0	0.0950899	0	0.0167702
	0.229699	0	0.104632	0	0.0260351	0	0.00272947
	0
Case #91: 0.206813
TestCase 91 8 4*****************************************************************
Sorted Order------------------------------------------------------
0
0
0
0
1
1
1
1
------------------------------------------------------------------
	0	0
	0	1
	0

Bottom Ones ---------------------------------------------
	0	1
	0	0
	0

Used for Final Calculation -------------------------------
	0	0
	0	1
	0
-----------------------------------------------------------
	0	1
	0	0
	0
Case #92: 1
TestCase 92 16 4*****************************************************************
Sorted Order------------------------------------------------------
0
0.01
0.05
0.05
0.06
0.06
0.06
0.06
0.09
0.09
0.1
0.1
0.6
0.62
0.66
0.7
------------------------------------------------------------------
	0	0
	0	0.99
	0.01

Bottom Ones ---------------------------------------------
	0	0.462
	0	0.102
	0.436

Used for Final Calculation -------------------------------
	0	0
	0	0.99
	0.01
-----------------------------------------------------------
	0	0.462
	0	0.102
	0.436
Case #93: 0.46174
TestCase 93 16 6*****************************************************************
Sorted Order------------------------------------------------------
0.98
0.98
0.98
0.98
0.98
0.98
0.99
0.99
0.99
0.99
0.99
0.99
0.99
1
1
1
------------------------------------------------------------------
	0	0.9604	0
	0	0.0004	0
	0.0392

	0.057624	0	0.941192
	0.001176	0	8e-06
	0

Bottom Ones ---------------------------------------------
	0	1	0
	0	0	0
	0

	0	0	1
	0	0	0
	0

Used for Final Calculation -------------------------------
	0.057624	0	0.941192
	0.001176	0	8e-06
	0
-----------------------------------------------------------
	0	0	1
	0	0	0
	0
Case #94: 8e-06
TestCase 94 16 2*****************************************************************
Sorted Order------------------------------------------------------
0.36
0.39
0.41
0.44
0.46
0.47
0.48
0.5
0.51
0.51
0.51
0.54
0.6
0.61
0.65
0.66
------------------------------------------------------------------
Bottom Ones ---------------------------------------------
Used for Final Calculation -------------------------------
	0.36
	0.64
	0
-----------------------------------------------------------
	0.66
	0.34
	0
Case #95: 0.5448
TestCase 95 8 6*****************************************************************
Sorted Order------------------------------------------------------
0
0
0
0
1
1
1
1
------------------------------------------------------------------
	0	0	0
	0	1	0
	0

	0	0	0
	0	0	1
	0

Bottom Ones ---------------------------------------------
	0	1	0
	0	0	0
	0

	0	0	1
	0	0	0
	0

Used for Final Calculation -------------------------------
	0	0	0
	0	0	1
	0
-----------------------------------------------------------
	0	0	1
	0	0	0
	0
Case #96: 1
TestCase 96 16 14*****************************************************************
Sorted Order------------------------------------------------------
0
0.02
0.02
0.02
0.03
0.05
0.05
0.05
0.06
0.06
0.06
0.1
0.6
0.62
0.63
0.66
------------------------------------------------------------------
	0	0	0	0	0	0	0
	0	0.98	0	0	0	0	0
	0.02

	0.0004	0	0	0	0	0	0
	0.0392	0	0.9604	0	0	0	0
	0

	0	8e-06	0	0	0	0	0
	0	0.057624	0	0.941192	0	0	0
	0.001176

	4.304e-05	0	2.4e-07	0	0	0	0
	0.00286944	0	0.084131	0	0.912956	0	0
	0

	0	2.38e-06	0	1.2e-08	0	0	0
	0	0.00693252	0	0.125572	0	0.867308	0
	0.00018436

	1.1479e-05	0	1.304e-07	0	6e-10	0	0
	0.000521768	0	0.0128645	0	0.162659	0	0.823943
	0

Bottom Ones ---------------------------------------------
	0	0.4158	0	0	0	0	0
	0	0.1258	0	0	0	0	0
	0.4584

	0.442212	0	0.257796	0	0	0	0
	0.252188	0	0.047804	0	0	0	0
	0

	0	0.368446	0	0.154678	0	0	0
	0	0.129558	0	0.0191216	0	0	0
	0.328198

	0.364421	0	0.176054	0	0.0154678	0	0
	0.308334	0	0.118514	0	0.0172094	0	0
	0

	0	0.187356	0	0.025103	0	0.000928066	0
	0	0.296944	0	0.112436	0	0.0161769	0
	0.361056

	0.197778	0	0.0348382	0	0.00237856	0	5.56839e-05
	0.357209	0	0.285874	0	0.10666	0	0.0152063
	0

Used for Final Calculation -------------------------------
	1.1479e-05	0	1.304e-07	0	6e-10	0	0
	0.000521768	0	0.0128645	0	0.162659	0	0.823943
	0
-----------------------------------------------------------
	0.197778	0	0.0348382	0	0.00237856	0	5.56839e-05
	0.357209	0	0.285874	0	0.10666	0	0.0152063
	0
Case #97: 0.000988283
TestCase 97 16 14*****************************************************************
Sorted Order------------------------------------------------------
0.49
0.49
0.49
0.49
0.5
0.5
0.5
0.5
0.5
0.5
0.51
0.51
0.51
0.51
0.51
0.51
------------------------------------------------------------------
	0	0.2401	0	0	0	0	0
	0	0.2601	0	0	0	0	0
	0.4998

	0.367353	0	0.117649	0	0	0	0
	0.382347	0	0.132651	0	0	0	0
	0

	0	0.240004	0	0.057648	0	0	0
	0	0.259996	0	0.067652	0	0	0
	0.3747

	0.307352	0	0.148826	0	0.028824	0	0
	0.317348	0	0.163824	0	0.033826	0	0
	0

	0	0.228089	0	0.088825	0	0.014412	0
	0	0.240586	0	0.098825	0	0.016913	0
	0.31235

	0.27022	0	0.158457	0	0.0516185	0	0.007206
	0.276468	0	0.169705	0	0.057869	0	0.0084565
	0

Bottom Ones ---------------------------------------------
	0	0.2601	0	0	0	0	0
	0	0.2401	0	0	0	0	0
	0.4998

	0.382347	0	0.132651	0	0	0	0
	0.367353	0	0.117649	0	0	0	0
	0

	0	0.259996	0	0.067652	0	0	0
	0	0.240004	0	0.057648	0	0	0
	0.3747

	0.318495	0	0.165747	0	0.0345025	0	0
	0.306005	0	0.147002	0	0.0282475	0	0
	0

	0	0.243649	0	0.101437	0	0.0175963	0
	0	0.224914	0	0.0864374	0	0.0138413	0
	0.312125

	0.277887	0	0.172543	0	0.0595169	0	0.00879814
	0.268519	0	0.155676	0	0.0501394	0	0.00692064
	0

Used for Final Calculation -------------------------------
	0.27022	0	0.158457	0	0.0516185	0	0.007206
	0.276468	0	0.169705	0	0.057869	0	0.0084565
	0
-----------------------------------------------------------
	0.277887	0	0.172543	0	0.0595169	0	0.00879814
	0.268519	0	0.155676	0	0.0501394	0	0.00692064
	0
Case #98: 0.209492
TestCase 98 16 12*****************************************************************
Sorted Order------------------------------------------------------
0
0
0
0.03
0.03
0.04
0.05
0.06
0.06
0.07
0.09
0.1
0.64
0.64
0.66
0.69
------------------------------------------------------------------
	0	0	0	0	0	0
	0	1	0	0	0	0
	0

	0	0	0	0	0	0
	0	0	1	0	0	0
	0

	0	0	0	0	0	0
	0	0.03	0	0.97	0	0
	0

	0	0	0	0	0	0
	0.0009	0	0.0582	0	0.9409	0
	0

	0	0	0	0	0	0
	0	0.003192	0	0.093508	0	0.903264
	3.6e-05

Bottom Ones ---------------------------------------------
	0	0.4554	0	0	0	0
	0	0.1054	0	0	0	0
	0.4392

	0.445032	0	0.291456	0	0	0
	0.225568	0	0.037944	0	0	0
	0

	0	0.389745	0	0.186532	0	0
	0	0.105489	0	0.0136598	0	0
	0.304575

	0.381228	0	0.206853	0	0.0186532	0
	0.284666	0	0.0963058	0	0.0122939	0
	0

	0	0.222547	0	0.0355912	0	0.00167879
	0	0.267714	0	0.0887447	0	0.0111874
	0.372537

Used for Final Calculation -------------------------------
	0	0	0	0	0	0
	0	0.003192	0	0.093508	0	0.903264
	3.6e-05
-----------------------------------------------------------
	0	0.222547	0	0.0355912	0	0.00167879
	0	0.267714	0	0.0887447	0	0.0111874
	0.372537
Case #99: 0.00556823
TestCase 99 16 2*****************************************************************
Sorted Order------------------------------------------------------
0.98
0.98
0.98
0.98
0.98
0.98
0.98
0.99
0.99
0.99
1
1
1
1
1
1
------------------------------------------------------------------
Bottom Ones ---------------------------------------------
Used for Final Calculation -------------------------------
	0.98
	0.02
	0
-----------------------------------------------------------
	1
	0
	0
Case #100: 0.02
