0.5
0.5
0.5
0.5
Case #1: 0.50000000
1		0		
0.5		0.5		
0.25		0.5		
------------------------------------------------
0
1
0
1
Case #2: 1.00000000
1		0		
1		0		
1		0		
------------------------------------------------
0.25
0.5
0.5
0.5
Case #3: 0.50000000
1		0		
0.5		0.5		
0.125		0.5		
------------------------------------------------
0.122412
0.190837
0.285707
0.426566
0.46809
0.0196015
0.000635178
1.9092e-05
4.72e-07
0.46809
Case #4: 0.46809039
1		0		0		0		0		
1		0		0		0		0		
1		0		0		0		0		
1		0		0		0		0		
0.99		0.01		0		0		0		
0.9702		0.0296		0.0002		0		0		
0.950796		0.048412		0.000788		4e-06		0		
0.93178		0.0664597		0.00174048		1.968e-05		8e-08		
0.913144		0.0837661		0.00303486		5.4096e-05		4.72e-07		
------------------------------------------------
0.309211
0.310401
0.311374
0.312124
0.312625
0.312725
0.312425
0.312725
Case #5: 0.31272496
1		0		0		0		
0.51		0.49		0		0		
0.2601		0.4998		0.2401		0		
0.132651		0.382347		0.367353		0.117649		
0.0663255		0.257499		0.37485		0.242501		
0.0331627		0.161912		0.316175		0.308675		
0.0165814		0.0975375		0.239043		0.312425		
------------------------------------------------
0.375
0.375
0.375
0.375
0.375
0.375
Case #6: 0.37500000
1		0		0		
0.5		0.5		0		
0.25		0.5		0.25		
0.125		0.375		0.375		
0.0625		0.25		0.375		
------------------------------------------------
0.283506
0.284788
0.286639
0.287834
0.294585
0.298868
0.295238
0.27875
0.246183
0.191549
0.155915
0.146413
0.138742
0.131571
0.125824
0.298868
Case #7: 0.29886769
1		0		0		0		0		0		0		0		
0.98		0.02		0		0		0		0		0		0		
0.9506		0.0488		0.0006		0		0		0		0		0		
0.912576		0.084872		0.002528		2.4e-05		0		0		0		0		
0.857821		0.134534		0.00746864		0.00017424		1.44e-06		0		0		0		
0.806352		0.177931		0.0150926		0.000611904		1.1808e-05		8.64e-08		0		0		
0.637018		0.3099		0.0492887		0.00365285		0.000137828		2.54794e-06		1.8144e-08		0		
0.496874		0.381866		0.106623		0.0136927		0.000911132		3.23096e-05		5.74698e-07		3.99168e-09		
0.317999		0.423269		0.205711		0.0471477		0.00551251		0.000348686		1.19993e-05		2.09446e-07		
0.18126		0.378003		0.299261		0.11533		0.0234156		0.00256913		0.000156774		5.27907e-06		
0.0815669		0.269794		0.342569		0.216492		0.0739684		0.0140347		0.00148357		8.86015e-05		
0.0203917		0.128624		0.287988		0.31105		0.180861		0.058985		0.0108969		0.00113483		
0.00407834		0.0420381		0.160497		0.2926		0.285012		0.156486		0.0493674		0.00894451		
0.000693318		0.0105315		0.062176		0.182954		0.29131		0.263162		0.138276		0.0424955		
9.01314e-05		0.00197228		0.0172453		0.0778772		0.19704		0.287651		0.246927		0.125824		
------------------------------------------------
0.288768
0.439537
0.46119
0.0395606
0.00343392
0.46119
Case #8: 0.46118976
1		0		0		
0.98		0.02		0		
0.9604		0.0392		0.0004		
0.941192		0.057624		0.001176		
0.903544		0.0929667		0.00343392		
------------------------------------------------
0.0984642
0.0955291
0.0835229
0.0592822
0.0321649
0.00182349
0.000109925
5.822e-06
2.76e-07
0.0984642
Case #9: 0.09846417
1		0		0		0		0		
1		0		0		0		0		
1		0		0		0		0		
1		0		0		0		0		
0.99		0.01		0		0		0		
0.9801		0.0198		0.0001		0		0		
0.960498		0.039006		0.000494		2e-06		0		
0.941288		0.0574358		0.00126424		1.184e-05		4e-08		
0.922462		0.0751129		0.00238767		3.6888e-05		2.76e-07		
------------------------------------------------
0
1
1
1
Case #10: 1.00000000
1		0		
1		0		
0		1		
------------------------------------------------
0.000166754
0.00159943
0.0152723
0.128186
0.839927
0.102866
0.00970314
0.00099029
0.000106142
0.839927
Case #11: 0.83992740
1		0		0		0		0		
1		0		0		0		0		
0.98		0.02		0		0		0		
0.9604		0.0392		0.0004		0		0		
0.931588		0.066836		0.001564		1.2e-05		0		
0.885009		0.110074		0.0048276		8.96e-05		6e-07		
0.840758		0.14882		0.0100899		0.0003265		5.05e-06		
0.781905		0.197256		0.019801		0.00100994		2.75515e-05		
0.719353		0.244028		0.0339974		0.00251323		0.000106142		
------------------------------------------------
0
0
0
0
Case #12: 0.00000000
1		0		
1		0		
1		0		
------------------------------------------------
0
0
0
0
Case #13: 0.00000000
1		0		
0		1		
0		0		
------------------------------------------------
0.226473
0.226473
0.226473
0.226473
0.226473
0.226473
0.226473
0.226473
0.226473
0.226473
0.226473
0.226473
0.226473
0.226473
Case #14: 0.22647333
1		0		0		0		0		0		0		
0.94		0.06		0		0		0		0		0		
0.5264		0.4472		0.0264		0		0		0		0		
0.28952		0.48284		0.21576		0.01188		0		0		0		
0.156341		0.393913		0.338617		0.105665		0.0054648		0		0		
0.0812972		0.279878		0.365159		0.217482		0.0535608		0.0026231		0		
0.0406486		0.180588		0.322519		0.29132		0.135521		0.028092		0.00131155		
0.0199178		0.109219		0.250134		0.307231		0.214979		0.0828809		0.0149696		
0.00796713		0.0556382		0.165585		0.272973		0.27033		0.16214		0.0557164		
0.00246981		0.0227452		0.0897216		0.198875		0.272154		0.236791		0.129148		
0.000493962		0.00652488		0.0361405		0.111552		0.213531		0.265081		0.215263		
8.89131e-05		0.00157953		0.0118557		0.0497146		0.129908		0.22281		0.256114		
9.78045e-06		0.000252881		0.0027099		0.0160202		0.0585359		0.140128		0.226473		
------------------------------------------------
0
0
1
0
0
1
Case #15: 1.00000000
1		0		0		
1		0		0		
1		0		0		
1		0		0		
0		1		0		
------------------------------------------------
0
1
0
1
Case #16: 1.00000000
1		0		
1		0		
1		0		
------------------------------------------------
0.0396942
0.0805633
0.17558
0.389394
0.600624
0.0075078
8.73e-05
1.94e-06
4e-08
0.600624
Case #17: 0.60062400
1		0		0		0		0		
1		0		0		0		0		
1		0		0		0		0		
1		0		0		0		0		
1		0		0		0		0		
0.99		0.01		0		0		0		
0.9801		0.0198		0.0001		0		0		
0.960498		0.039006		0.000494		2e-06		0		
0.941288		0.0574358		0.00126424		1.184e-05		4e-08		
------------------------------------------------
0.247558
0.250454
0.252253
0.252955
0.252494
0.250091
0.243489
0.233426
0.220474
0.204815
0.192606
0.252955
Case #18: 0.25295475
1		0		0		0		0		0		
0.69		0.31		0		0		0		0		
0.4554		0.4392		0.1054		0		0		0		
0.291456		0.445032		0.225568		0.037944		0		0		
0.183617		0.388209		0.30677		0.107365		0.0140393		0		
0.113843		0.310464		0.337717		0.183139		0.049503		0.00533493		
0.0683056		0.231816		0.326816		0.24497		0.102957		0.0230022		
0.0409834		0.166412		0.288816		0.277708		0.159762		0.0549842		
0.0233605		0.112477		0.236182		0.282484		0.210479		0.100039		
0.0133155		0.0741572		0.182989		0.262574		0.241441		0.147528		
0.00692406		0.0449532		0.13075		0.224373		0.251585		0.192606		
------------------------------------------------
0.186312
0.204797
0.222324
0.239888
0.251204
0.257062
0.257222
0.254769
0.249916
0.246859
0.243461
0.257222
Case #19: 0.25722238
1		0		0		0		0		0		
0.68		0.32		0		0		0		0		
0.4488		0.4424		0.1088		0		0		0		
0.278256		0.444832		0.235568		0.041344		0		0		
0.164171		0.376536		0.321366		0.120976		0.016951		0		
0.0952192		0.287343		0.344537		0.20514		0.0606415		0.00711944		
0.0514184		0.198966		0.318228		0.269263		0.127111		0.0317396		
0.025195		0.123717		0.257404		0.294235		0.199608		0.0803788		
0.0118417		0.0715002		0.18655		0.274715		0.24976		0.14357		
0.00461824		0.0351085		0.11637		0.220934		0.264982		0.208346		
0.00175493		0.0162045		0.0659877		0.156104		0.237672		0.243461		
------------------------------------------------
1
1
0
1
Case #20: 1.00000000
1		0		
1		0		
1		0		
------------------------------------------------
0.03
0.94
0.1216
0.94
Case #21: 0.94000000
1		0		
0.94		0.06		
0.8742		0.1216		
------------------------------------------------
0.237846
0.230941
0.221719
0.211352
0.193447
0.0149243
0.00120148
9.1281e-05
7.9496e-06
0.237846
Case #22: 0.23784639
1		0		0		0		0		
1		0		0		0		0		
1		0		0		0		0		
0.99		0.01		0		0		0		
0.9801		0.0198		0.0001		0		0		
0.950697		0.048609		0.000691		3e-06		0		
0.912669		0.0846925		0.00260772		3.052e-05		1.2e-07		
0.876162		0.117812		0.00589111		0.000133608		1.336e-06		
0.832354		0.155729		0.0114871		0.000421483		7.9496e-06		
------------------------------------------------
5.54604e-12
5.54604e-12
5.54604e-12
5.54604e-12
9.15979e-12
1.49686e-11
1.49686e-11
1.49686e-11
1.49686e-11
1.49686e-11
1.49686e-11
3.34491e-11
6.72388e-11
6.72388e-11
6.72388e-11
6.72388e-11
Case #23: 0.00000000
1		0		0		0		0		0		0		0		
0.02		0.98		0		0		0		0		0		0		
0.0004		0.0392		0.9604		0		0		0		0		0		
8e-06		0.001176		0.057624		0.941192		0		0		0		0		
1.6e-07		3.136e-05		0.00230496		0.0752954		0.922368		0		0		0		
3.2e-09		7.84e-07		7.6832e-05		0.00376477		0.0922368		0.903921		0		0		
3.2e-11		1.1008e-08		1.54448e-06		0.000113711		0.00464949		0.100354		0.894882		0		
3.2e-13		1.4176e-10		2.63427e-08		2.66615e-06		0.000159069		0.00560653		0.108299		0.885933		
3.2e-15		1.7344e-12		4.0377e-10		5.27408e-08		4.23018e-06		0.000213544		0.00663345		0.116075		
3.2e-17		2.0512e-14		5.75475e-12		9.2714e-10		9.45152e-08		6.32331e-06		0.000277743		0.00772787		
3.2e-19		2.368e-16		7.78544e-14		1.49686e-11		1.86302e-09		1.56803e-07		9.03751e-06		0.000352244		
3.2e-21		2.6848e-18		1.01298e-15		2.26762e-13		3.34491e-11		3.41242e-09		2.4561e-07		1.24696e-05		
3.2e-23		3.0016e-20		1.27877e-17		3.27046e-15		5.58985e-13		6.72388e-11		5.8344e-09		3.6785e-07		
0		3.2e-23		3.0016e-20		1.27877e-17		3.27046e-15		5.58985e-13		6.72388e-11		5.8344e-09		
0		0		3.2e-23		3.0016e-20		1.27877e-17		3.27046e-15		5.58985e-13		6.72388e-11		
------------------------------------------------
0.309509
0.310626
0.311724
0.31225
0.31255
0.312625
0.312525
0.312625
Case #24: 0.31262500
1		0		0		0		
0.51		0.49		0		0		
0.2601		0.4998		0.2401		0		
0.13005		0.37995		0.36995		0.12005		
0.065025		0.255		0.37495		0.245		
0.0325125		0.160013		0.314975		0.309975		
0.0159311		0.0949875		0.235944		0.312525		
------------------------------------------------
0.252798
0.255527
0.255688
0.253366
0.245725
0.233945
0.218611
0.198478
0.176914
0.146872
0.123617
0.255688
Case #25: 0.25568762
1		0		0		0		0		0		
0.79		0.21		0		0		0		0		
0.6241		0.3318		0.0441		0		0		0		
0.449352		0.413644		0.124656		0.012348		0		0		
0.31904		0.423999		0.208463		0.0449173		0.00358092		0		
0.220138		0.391462		0.275279		0.0956163		0.0163952		0.00111009		
0.147492		0.334925		0.313619		0.154905		0.0425382		0.00615417		
0.0958699		0.269323		0.321076		0.210455		0.0818666		0.0188886		
0.0594393		0.203411		0.30141		0.252491		0.13073		0.0428202		
0.036258		0.147262		0.263191		0.27157		0.178217		0.0771051		
0.0195793		0.0962002		0.209863		0.267715		0.221159		0.123617		
------------------------------------------------
0.309509
0.310626
0.311724
0.312425
0.31265
0.31265
0.3125
0.31265
Case #26: 0.31265021
1		0		0		0		
0.51		0.49		0		0		
0.2601		0.4998		0.2401		0		
0.132651		0.382347		0.367353		0.117649		
0.0663255		0.257499		0.37485		0.242501		
0.0331627		0.161912		0.316175		0.308675		
0.0162497		0.09625		0.237501		0.3125		
------------------------------------------------
0.234304
0.234304
0.234304
0.234304
0.234304
0.234304
0.234304
0.234304
0.234304
0.234304
0.234304
0.234304
0.234304
0.234304
Case #27: 0.23430416
1		0		0		0		0		0		0		
0.91		0.09		0		0		0		0		0		
0.7917		0.1966		0.0117		0		0		0		0		
0.665028		0.291816		0.041284		0.001872		0		0		0		
0.518722		0.373923		0.096401		0.0105426		0.00041184		0		0		
0.383854		0.41157		0.168557		0.0328658		0.00304585		0.000107078		0		
0.165057		0.395772		0.307075		0.11021		0.0200432		0.00178218		6.10347e-05		
0.0709746		0.264265		0.357632		0.222423		0.0714381		0.012191		0.00104209		
0.0255509		0.140559		0.297877		0.308957		0.168068		0.0501091		0.00817738		
0.0089428		0.0658037		0.19562		0.301755		0.259646		0.126782		0.035433		
0.00312998		0.0288441		0.11124		0.232767		0.287017		0.213144		0.0948102		
0.00103289		0.0116157		0.0560346		0.151344		0.25067		0.262639		0.174094		
0.000330526		0.00441938		0.0258297		0.0865335		0.183128		0.2545		0.234304		
------------------------------------------------
0.183832
0.259412
0.322974
0.324794
0.226189
0.212592
0.202456
0.192782
0.179398
0.324794
Case #28: 0.32479378
1		0		0		0		0		
0.97		0.03		0		0		0		
0.9409		0.0582		0.0009		0		0		
0.903264		0.093508		0.003192		3.6e-05		0		
0.840036		0.150191		0.00951412		0.00025692		2.52e-06		
0.336014		0.564098		0.0939202		0.00581124		0.00015516		
0.127685		0.422686		0.38543		0.0604388		0.00366193		
0.0485205		0.239786		0.408529		0.261933		0.0388636		
0.0179526		0.119289		0.302221		0.354289		0.179398		
------------------------------------------------
0.123857
0.172093
0.223724
0.266066
0.277695
0.274496
0.270941
0.266995
0.263563
0.259896
0.256093
0.252139
0.249095
0.277695
Case #29: 0.27769497
1		0		0		0		0		0		0		
0.97		0.03		0		0		0		0		0		
0.9409		0.0582		0.0009		0		0		0		0		
0.903264		0.093508		0.003192		3.6e-05		0		0		0		
0.831003		0.158288		0.0104173		0.00028848		2.88e-06		0		0		
0.332401		0.561917		0.09914		0.00636576		0.00017424		1.728e-06		0		
0.13296		0.424208		0.376806		0.0620303		0.00388915		0.000105235		1.0368e-06		
0.0518546		0.246547		0.405721		0.254044		0.0393553		0.00241342		6.45978e-05		
0.0191862		0.123891		0.305441		0.3496		0.174609		0.0256868		0.00154436		
0.00671517		0.0558328		0.187433		0.320897		0.288353		0.122486		0.0172369		
0.00235031		0.0239063		0.101893		0.234146		0.309507		0.2303		0.0856489		
0.000799105		0.00967936		0.0504218		0.146859		0.259768		0.282576		0.181119		
0.000263705		0.00372959		0.0231244		0.082246		0.184119		0.267295		0.249095		
------------------------------------------------
0.5
0.62
0.5
0.62
Case #30: 0.62000000
1		0		
0.7		0.3		
0.35		0.5		
------------------------------------------------
8.9e-08
1.748e-06
4.8836e-05
0.00115574
0.0134605
0.0319581
0.0354491
0.0378145
0.0402027
0.0402027
Case #31: 0.04020270
1		0		0		0		0		
0.44		0.56		0		0		0		
0.1628		0.4844		0.3528		0		0		
0.05698		0.27536		0.43834		0.22932		0		
0.0125356		0.105024		0.311216		0.392356		0.17887		
0.00263248		0.0319581		0.148324		0.328255		0.347524		
7.89743e-05		0.00351224		0.0354491		0.153722		0.328833		
1.57949e-06		0.00014764		0.00415098		0.0378145		0.157224		
3.15897e-08		4.50069e-06		0.000227706		0.00482425		0.0402027		
------------------------------------------------
0.179407
0.201176
0.248487
0.280071
0.284622
0.302272
0.315583
0.316026
0.304658
0.282782
0.273041
0.316026
Case #32: 0.31602564
1		0		0		0		0		0		
0.92		0.08		0		0		0		0		
0.8188		0.1724		0.0088		0		0		0		
0.6141		0.334		0.0497		0.0022		0		0		
0.350037		0.454443		0.171949		0.022625		0.000946		0		
0.19252		0.40746		0.299071		0.0898208		0.0107016		0.0004257		
0.103961		0.308588		0.34893		0.186076		0.0470964		0.00515259		
0.042624		0.187858		0.325128		0.28216		0.129094		0.0298994		
0.0153446		0.0949083		0.237275		0.30966		0.227056		0.0933842		
0.00444995		0.0384181		0.136195		0.258267		0.285705		0.188291		
0.000578493		0.0088658		0.051129		0.152064		0.261834		0.273041		
------------------------------------------------
0.98
1
0
1
Case #33: 1.00000000
1		0		
1		0		
1		0		
------------------------------------------------
0.951479
0.951479
0.951479
0.951479
0.951479
0.951479
Case #34: 0.95147912
1		0		0		
0.99		0.01		0		
0.9801		0.0198		0.0001		
0.019602		0.960894		0.019406		
0.00019602		0.0290149		0.951479		
------------------------------------------------
0.455
0.455
0.455
0.455
Case #35: 0.45500000
1		0		
0.95		0.05		
0.5225		0.455		
------------------------------------------------
0.309211
0.310798
0.311698
0.312375
0.312776
0.312775
0.312375
0.312776
Case #36: 0.31277564
1		0		0		0		
0.52		0.48		0		0		
0.2652		0.4996		0.2352		0		
0.135252		0.384744		0.364756		0.115248		
0.067626		0.259998		0.37475		0.240002		
0.033813		0.163812		0.317374		0.307376		
0.0169065		0.0988125		0.240593		0.312375		
------------------------------------------------
0.186312
0.204797
0.222324
0.240652
0.251771
0.257387
0.257333
0.254728
0.249721
0.246599
0.243139
0.257387
Case #37: 0.25738688
1		0		0		0		0		0		
0.68		0.32		0		0		0		0		
0.4488		0.4424		0.1088		0		0		0		
0.282744		0.444768		0.232232		0.040256		0		0		
0.166819		0.378338		0.319372		0.118966		0.016505		0		
0.096755		0.2895		0.344138		0.203137		0.0595387		0.00693208		
0.0522477		0.200837		0.319004		0.267997		0.125594		0.0311311		
0.0256014		0.125057		0.258739		0.294011		0.198219		0.079307		
0.0120326		0.0723453		0.187887		0.275317		0.248989		0.142331		
0.00469273		0.0355546		0.117407		0.221985		0.265049		0.207392		
0.00178324		0.0164202		0.0666584		0.157146		0.238349		0.243139		
------------------------------------------------
0.124958
0.190057
0.260748
0.309862
0.296099
0.286126
0.275826
0.268809
0.25999
0.252932
0.247655
0.309862
Case #38: 0.30986166
1		0		0		0		0		0		
0.99		0.01		0		0		0		0		
0.9702		0.0296		0.0002		0		0		0		
0.931392		0.067224		0.001376		8e-06		0		0		
0.884822		0.110432		0.0046684		7.64e-05		4e-07		0		
0.336233		0.590554		0.0702421		0.00292344		4.752e-05		2.48e-07		
0.127768		0.432875		0.392836		0.044661		0.00183059		2.95566e-05		
0.0447189		0.234556		0.418861		0.270974		0.0296704		0.00120023		
0.0156516		0.111162		0.299063		0.367101		0.186518		0.0197058		
0.00532155		0.0481251		0.175048		0.322196		0.305703		0.129802		
0.00175611		0.0194467		0.0900096		0.223607		0.316753		0.247655		
------------------------------------------------
0
0
0
0
0
3.2e-09
1.8816e-08
4.16774e-08
7.91388e-08
1.3629e-07
1.3629e-07
1.3629e-07
Case #39: 0.00000014
1		0		0		0		0		0		
0.02		0.98		0		0		0		0		
0.0004		0.0392		0.9604		0		0		0		
8e-06		0.001176		0.057624		0.941192		0		0		
1.6e-07		3.136e-05		0.00230496		0.0752954		0.922368		0		
3.2e-09		7.84e-07		7.6832e-05		0.00376477		0.0922368		0.903921		
6.4e-11		1.8816e-08		2.30496e-06		0.000150591		0.00553421		0.10847		
6.4e-13		2.5152e-10		4.16774e-08		3.78782e-06		0.000204427		0.00656357		
6.4e-15		3.1488e-12		6.65779e-10		7.91388e-08		5.79421e-06		0.000268018		
6.4e-17		3.7824e-14		9.7751e-12		1.45051e-09		1.3629e-07		8.41645e-06		
0		6.4e-17		3.7824e-14		9.7751e-12		1.45051e-09		1.3629e-07		
------------------------------------------------
1
1
1
1
1
1
Case #40: 1.00000000
1		0		0		
1		0		0		
1		0		0		
0		1		0		
0		0		1		
------------------------------------------------
0
0
0
0
Case #41: 0.00000000
1		0		
1		0		
1		0		
------------------------------------------------
0.252798
0.255722
0.255697
0.25324
0.245379
0.233381
0.217849
0.197544
0.175875
0.145789
0.122568
0.255722
Case #42: 0.25572177
1		0		0		0		0		0		
0.8		0.2		0		0		0		0		
0.632		0.326		0.042		0		0		0		
0.45504		0.41168		0.12152		0.01176		0		0		
0.323078		0.424254		0.205666		0.0435904		0.0034104		0		
0.222924		0.39289		0.273429		0.093834		0.0158662		0.00105722		
0.149359		0.336801		0.312851		0.1531		0.0415956		0.00594419		
0.0970834		0.271196		0.321233		0.209013		0.0806222		0.0184222		
0.0601917		0.205034		0.302219		0.251657		0.129411		0.0420582		
0.036717		0.148545		0.264317		0.271376		0.177087		0.0761257		
0.0198272		0.0971042		0.211062		0.268129		0.22046		0.122568		
------------------------------------------------
0
0
0
0
0
0
Case #43: 0.00000000
1		0		0		
1		0		0		
0		1		0		
0		0		1		
0		0		0		
------------------------------------------------
0
0
0
0
0.770537
0.349823
0.180018
0.0914493
0.0509507
0.770537
Case #44: 0.77053680
1		0		0		0		0		
0.99		0.01		0		0		0		
0.9306		0.0688		0.0006		0		0		
0.856152		0.137744		0.006056		4.8e-05		0		
0.770537		0.209585		0.0192248		0.0006488		4.8e-06		
0.577903		0.349823		0.0668148		0.0052928		0.0001658		
0.346742		0.441055		0.180018		0.0299016		0.0022166		
0.204578		0.402386		0.287043		0.0914493		0.0135675		
0.10638		0.307438		0.342408		0.185334		0.0509507		
------------------------------------------------
0.5
0.5
0.5
0.5
Case #45: 0.50000000
1		0		
1		0		
0.5		0.5		
------------------------------------------------
0.246083
0.246105
0.246116
0.246116
0.246105
0.246083
0.24605
0.24605
0.24605
0.245995
0.24593
0.246116
Case #46: 0.24611563
1		0		0		0		0		0		
0.51		0.49		0		0		0		0		
0.2601		0.4998		0.2401		0		0		0		
0.132651		0.382347		0.367353		0.117649		0		0		
0.067652		0.259996		0.3747		0.240004		0.057648		0		
0.0345025		0.165747		0.318495		0.306005		0.147002		0.0282475		
0.0175963		0.101437		0.243649		0.312125		0.224914		0.0864374		
0.00879814		0.0595169		0.172543		0.277887		0.268519		0.155676		
0.00439907		0.0341575		0.11603		0.225215		0.273203		0.212097		
0.00219954		0.0192783		0.0750937		0.170622		0.249209		0.24265		
0.00109977		0.0107389		0.047186		0.122858		0.209916		0.24593		
------------------------------------------------
4.10345e-07
2.7028e-07
1.68662e-07
1.166e-07
7.91388e-08
5.27408e-08
3.45321e-08
2.22349e-08
1.40959e-08
1.40959e-08
1.40959e-08
4.10345e-07
Case #47: 0.00000041
1		0		0		0		0		0		
1		0		0		0		0		0		
1		0		0		0		0		0		
0.99		0.01		0		0		0		0		
0.9801		0.0198		0.0001		0		0		0		
0.970299		0.029403		0.000297		1e-06		0		0		
0.960596		0.038812		0.00058806		3.96e-06		1e-08		0		
0.95099		0.0480298		0.000970299		9.801e-06		4.95e-08		1e-10		
0.94148		0.0570594		0.00144089		1.9406e-05		1.47015e-07		5.94e-10		
0.922651		0.0747478		0.00255326		4.78357e-05		5.32194e-07		3.52242e-09		
0.904198		0.0917059		0.00399716		9.79443e-05		1.47827e-06		1.40959e-08		
------------------------------------------------
0
0
0
0
0
0
0
0
Case #48: 0.00000000
1		0		0		0		
1		0		0		0		
1		0		0		0		
0		1		0		0		
0		0		1		0		
0		0		0		1		
0		0		0		0		
------------------------------------------------
0
1
0
1
Case #49: 1.00000000
1		0		
1		0		
1		0		
------------------------------------------------
0
0
1
1
1
1
Case #50: 1.00000000
1		0		0		
1		0		0		
1		0		0		
0		1		0		
0		0		1		
------------------------------------------------
0.209484
0.315195
0.392641
0.336038
0.105988
0.0951819
0.0843847
0.392641
Case #51: 0.39264123
1		0		0		0		
0.96		0.04		0		0		
0.912		0.086		0.002		0		
0.84816		0.14382		0.00788		0.00014		
0.771826		0.207211		0.0201146		0.0008366		
0.30873		0.54598		0.132372		0.0124034		
0.123492		0.40363		0.380537		0.0843847		
------------------------------------------------
0.113431
0.136329
0.160373
0.186328
0.207105
0.225346
0.236106
0.243052
0.247967
0.250519
0.250688
0.250688
Case #52: 0.25068777
1		0		0		0		0		0		
0.64		0.36		0		0		0		0		
0.384		0.472		0.144		0		0		0		
0.22656		0.43592		0.27848		0.05904		0		0		
0.124608		0.341708		0.349328		0.157788		0.026568		0		
0.0635501		0.235329		0.345594		0.251643		0.0908658		0.0130183		
0.0285975		0.140851		0.284948		0.303316		0.179293		0.0558344		
0.011725		0.0746213		0.199931		0.292479		0.252467		0.128675		
0.0044555		0.0356256		0.122239		0.235099		0.277274		0.205426		
0.00160398		0.0156767		0.0668064		0.162869		0.250282		0.251409		
0.000577432		0.00667017		0.0340834		0.101389		0.194337		0.250688		
------------------------------------------------
2e-08
9.6e-07
8.544e-05
0.00760416
0.562708
0.431111
0.270811
0.16954
0.104688
0.562708
Case #53: 0.56270784
1		0		0		0		0		
0.96		0.04		0		0		0		
0.8544		0.1412		0.0044		0		0		
0.760416		0.219652		0.019448		0.000484		0		
0.562708		0.360251		0.071501		0.00541464		0.00012584		
0.36576		0.431111		0.172563		0.0285449		0.00197692		
0.226771		0.406277		0.270811		0.0832719		0.0120727		
0.122456		0.323705		0.333126		0.16954		0.0448244		
0.0636774		0.227106		0.328604		0.248061		0.104688		
------------------------------------------------
0.113431
0.136329
0.161466
0.187455
0.208206
0.226351
0.236997
0.243823
0.248591
0.25098
0.250976
0.25098
Case #54: 0.25098034
1		0		0		0		0		0		
0.64		0.36		0		0		0		0		
0.3904		0.4692		0.1404		0		0		0		
0.230336		0.436892		0.275208		0.057564		0		0		
0.126685		0.343942		0.347966		0.155504		0.0259038		0		
0.0646092		0.237486		0.345994		0.24981		0.0894078		0.0126929		
0.0290742		0.142404		0.286315		0.302711		0.177629		0.0548861		
0.0119204		0.0755393		0.201407		0.293037		0.251428		0.127304		
0.00452975		0.0360956		0.123369		0.236227		0.277226		0.204261		
0.00163071		0.0158935		0.067514		0.163998		0.250986		0.250958		
0.000587056		0.0067653		0.0344769		0.102248		0.195314		0.250976		
------------------------------------------------
0
1
0.98
1
Case #55: 1.00000000
1		0		
1		0		
0.02		0.98		
------------------------------------------------
0.5
0.52
0.5
0.52
Case #56: 0.52000000
1		0		
0.6		0.4		
0.3		0.5		
------------------------------------------------
0
0
0
0
Case #57: 0.00000000
1		0		
0		1		
0		0		
------------------------------------------------
0.1587
0.138968
0.105085
0.0684276
0.0310755
0.00351017
0.000284064
1.8582e-05
1.00824e-06
0.1587
Case #58: 0.15870006
1		0		0		0		0		
1		0		0		0		0		
1		0		0		0		0		
0.99		0.01		0		0		0		
0.9801		0.0198		0.0001		0		0		
0.960498		0.039006		0.000494		2e-06		0		
0.941288		0.0574358		0.00126424		1.184e-05		4e-08		
0.922462		0.0751129		0.00238767		3.6888e-05		2.76e-07		
0.904013		0.0920599		0.00384218		8.39037e-05		1.00824e-06		
------------------------------------------------
0.000113711
7.6832e-05
3.136e-05
8e-06
0
0
0
0.000113711
Case #59: 0.00011371
1		0		0		0		
1		0		0		0		
1		0		0		0		
1		0		0		0		
1		0		0		0		
1		0		0		0		
1		0		0		0		
------------------------------------------------
0
0
0
0
0.00494208
0.0104981
0.0169222
0.0222093
0.023859
0.023859
Case #60: 0.02385903
1		0		0		0		0		
0.32		0.68		0		0		0		
0.0864		0.4172		0.4964		0		0		
0.022464		0.172408		0.437792		0.367336		0		
0.00494208		0.0554517		0.230792		0.422292		0.286522		
0.000543629		0.0104981		0.0747392		0.251857		0.407357		
5.43629e-05		0.00153908		0.0169222		0.092451		0.267407		
3.8054e-06		0.000158293		0.0026159		0.0222093		0.104698		
7.6108e-08		6.89515e-06		0.000207445		0.00300777		0.023859		
------------------------------------------------
0.4422
0.67
0.02
0.67
Case #61: 0.67000000
1		0		
1		0		
0.98		0.02		
------------------------------------------------
0.0791366
0.070578
0.0618715
0.0512988
0.0406523
0.0335434
0.0282269
0.00518933
0.00093091
0.000163966
2.59628e-05
0.0791366
Case #62: 0.07913656
1		0		0		0		0		0		
0.99		0.01		0		0		0		0		
0.9702		0.0296		0.0002		0		0		0		
0.950796		0.048412		0.000788		4e-06		0		0		
0.93178		0.0664597		0.00174048		1.968e-05		8e-08		0		
0.894509		0.101072		0.00432925		8.8512e-05		8.64e-07		3.2e-09		
0.849783		0.140744		0.00916641		0.000300549		5.2464e-06		4.624e-08		
0.798796		0.183287		0.0170611		0.0008325		2.29645e-05		3.5825e-07		
0.742881		0.226372		0.0286969		0.0019685		7.96321e-05		1.94069e-06		
0.68345		0.267693		0.0445109		0.00410677		0.000230742		8.156e-06		
0.628774		0.300954		0.0623655		0.0073391		0.000540824		2.59628e-05		
------------------------------------------------
0
1
0
1
Case #63: 1.00000000
1		0		
1		0		
1		0		
------------------------------------------------
0.210132
0.302814
0.409075
0.431937
0.120262
0.0333617
0.00783288
0.431937
Case #64: 0.43193687
1		0		0		0		
0.98		0.02		0		0		
0.9212		0.0776		0.0012		0		
0.856716		0.136652		0.006548		8.4e-05		
0.796746		0.187056		0.0156553		0.00053648		
0.685201		0.272413		0.0396514		0.00265311		
0.589273		0.330203		0.0722381		0.00783288		
------------------------------------------------
0.0296
0.9802
0.0198
0.9802
Case #65: 0.98020000
1		0		
0.99		0.01		
0.9801		0.0198		
------------------------------------------------
0.0378753
0.0525558
0.0725051
0.144011
0.254258
0.375689
0.349064
0.274777
0.205487
0.182965
0.156404
0.375689
Case #66: 0.37568906
1		0		0		0		0		0		
0.95		0.05		0		0		0		0		
0.836		0.158		0.006		0		0		0		
0.67716		0.28682		0.03488		0.00114		0		0		
0.514642		0.380502		0.0953456		0.0092376		0.0002736		0		
0.385981		0.414037		0.166635		0.0307646		0.0025146		6.84e-05		
0.250888		0.404217		0.253225		0.0783191		0.0124021		0.00092457		
0.15555		0.345952		0.310602		0.144783		0.0374506		0.00528603		
0.0886637		0.264079		0.325803		0.216086		0.0836037		0.0191168		
0.0221659		0.132518		0.27951		0.298373		0.182965		0.067482		
0.00509817		0.0475468		0.166326		0.283849		0.271829		0.156404		
------------------------------------------------
0
0
0
0
0
0
Case #67: 0.00000000
1		0		0		
0		1		0		
0		0		1		
0		0		0		
0		0		0		
------------------------------------------------
0
0
0
0
0
0
0
0
Case #68: 0.00000000
1		0		0		0		
1		0		0		0		
0		1		0		0		
0		0		1		0		
0		0		0		1		
0		0		0		0		
0		0		0		0		
------------------------------------------------
0.424
0.7
0.03
0.7
Case #69: 0.70000000
1		0		
1		0		
0.97		0.03		
------------------------------------------------
0.295382
0.311486
0.324742
0.334319
0.325628
0.297944
0.257827
0.334319
Case #70: 0.33431915
1		0		0		0		
0.66		0.34		0		0		
0.429		0.452		0.119		0		
0.27456		0.44372		0.23888		0.04284		
0.167482		0.377748		0.318768		0.119296		
0.100489		0.293641		0.34236		0.199084		
0.0592885		0.214449		0.322385		0.257827		
------------------------------------------------
0.5
0.74
0.5
0.74
Case #71: 0.74000000
1		0		
0.9		0.1		
0.45		0.5		
------------------------------------------------
0
1
1
1
Case #72: 1.00000000
1		0		
1		0		
0		1		
------------------------------------------------
0.5
0.5
0.5
0.5
Case #73: 0.50000000
1		0		
0.5		0.5		
0.25		0.5		
------------------------------------------------
0.0392
0.02
0
0.0392
Case #74: 0.03920000
1		0		
1		0		
1		0		
------------------------------------------------
0.31225
0.312375
0.312525
0.312575
0.31255
0.3125
0.312425
0.312575
Case #75: 0.31257503
1		0		0		0		
0.51		0.49		0		0		
0.2601		0.4998		0.2401		0		
0.132651		0.382347		0.367353		0.117649		
0.0663255		0.257499		0.37485		0.242501		
0.0331627		0.161912		0.316175		0.308675		
0.0165814		0.0975375		0.239043		0.312425		
------------------------------------------------
0.362336
0.368296
0.37253
0.27387
0.0448012
0.00604813
0.000778413
0.37253
Case #76: 0.37253016
1		0		0		0		
0.99		0.01		0		0		
0.9702		0.0296		0.0002		0		
0.931392		0.067224		0.001376		8e-06		
0.894136		0.101791		0.00400992		6.272e-05		
0.84943		0.141408		0.00889896		0.00026008		
0.798464		0.183889		0.0168495		0.000778413		
------------------------------------------------
0.4998
0.5002
0.4998
0.5002
Case #77: 0.50020000
1		0		
0.51		0.49		
0.2601		0.4998		
------------------------------------------------
0.192987
0.195306
0.19686
0.235288
0.255486
0.255042
0.254502
0.253916
0.253589
0.252508
0.251723
0.2513
0.250867
0.249943
0.248982
0.255486
Case #78: 0.25548621
1		0		0		0		0		0		0		0		
0.99		0.01		0		0		0		0		0		0		
0.9603		0.0394		0.0003		0		0		0		0		0		
0.921888		0.076236		0.001864		1.2e-05		0		0		0		0		
0.875794		0.118519		0.0055826		0.0001046		6e-07		0		0		0		
0.350317		0.572884		0.0733442		0.0033914		6.3e-05		3.6e-07		0		0		
0.133121		0.434893		0.383059		0.0467621		0.00212661		3.91968e-05		2.232e-07		0		
0.0505858		0.247794		0.415196		0.255266		0.0298006		0.00133339		2.43868e-05		1.38384e-07		
0.0182109		0.121581		0.308059		0.357621		0.174098		0.0195524		0.00086215		1.56574e-05		
0.00655592		0.0554241		0.188713		0.325901		0.291553		0.118462		0.0128239		0.000557413		
0.00229457		0.0236598		0.102075		0.236729		0.313879		0.230971		0.0814886		0.00853065		
0.000757209		0.00934509		0.0495368		0.146511		0.262188		0.286519		0.181642		0.0574125		
0.000249879		0.00359121		0.0226084		0.0815382		0.184684		0.270218		0.25191		0.140646		
7.99613e-05		0.0013191		0.0096767		0.0414659		0.114545		0.212055		0.264359		0.216305		
2.55876e-05		0.000476487		0.00399353		0.0198493		0.0648512		0.145748		0.228792		0.248982		
------------------------------------------------
0.338415
0.342876
0.346347
0.333141
0.283222
0.0477502
0.0050407
0.00053211
6.72928e-05
0.346347
Case #79: 0.34634682
1		0		0		0		0		
0.99		0.01		0		0		0		
0.9801		0.0198		0.0001		0		0		
0.960498		0.039006		0.000494		2e-06		0		
0.941288		0.0574358		0.00126424		1.184e-05		4e-08		
0.913049		0.0839514		0.00294939		4.9412e-05		3.94e-07		
0.867397		0.125406		0.00699949		0.000194411		2.8449e-06		
0.815353		0.169926		0.0141039		0.000602715		1.43389e-05		
0.741971		0.228014		0.0281279		0.00181782		6.72928e-05		
------------------------------------------------
1
1
1
1
Case #80: 1.00000000
1		0		
1		0		
0		1		
------------------------------------------------
0.258513
0.250298
0.237577
0.216271
0.188633
0.0558158
0.0140445
0.00311569
0.000613601
0.258513
Case #81: 0.25851303
1		0		0		0		0		
0.98		0.02		0		0		0		
0.9604		0.0392		0.0004		0		0		
0.931588		0.066836		0.001564		1.2e-05		0		
0.875693		0.118721		0.00548032		0.00010512		7.2e-07		
0.814394		0.171709		0.0134072		0.000481384		8.028e-06		
0.741099		0.229551		0.0276544		0.00164471		5.063e-05		
0.666989		0.280706		0.047844		0.00424567		0.000210038		
0.60029		0.319334		0.0711302		0.0086055		0.000613601		
------------------------------------------------
1
1
0
1
Case #82: 1.00000000
1		0		
1		0		
1		0		
------------------------------------------------
0.0584
0.0492
0.0296
0.0584
Case #83: 0.05840000
1		0		
0.99		0.01		
0.9702		0.0296		
------------------------------------------------
0.000419543
0.0029888
0.0224723
0.15663
0.809226
0.12583
0.0145189
0.00159412
0.000179554
0.809226
Case #84: 0.80922612
1		0		0		0		0		
1		0		0		0		0		
0.98		0.02		0		0		0		
0.9506		0.0488		0.0006		0		0		
0.912576		0.084872		0.002528		2.4e-05		0		
0.857821		0.134534		0.00746864		0.00017424		1.44e-06		
0.806352		0.177931		0.0150926		0.000611904		1.1808e-05		
0.749908		0.221921		0.0264913		0.00162555		5.38147e-05		
0.689915		0.26416		0.0421257		0.00361481		0.000179554		
------------------------------------------------
0.000122817
0.00107805
0.00976359
0.10313
0.823157
0.175259
0.0305119
0.00472824
0.000678132
0.823157
Case #85: 0.82315739
1		0		0		0		0		
1		0		0		0		0		
0.98		0.02		0		0		0		
0.931		0.068		0.001		0		0		
0.87514		0.11978		0.00502		6e-05		0		
0.805129		0.180209		0.0142008		0.0004568		4.8e-06		
0.724616		0.242701		0.0308016		0.0018312		5e-05		
0.652154		0.290892		0.0519915		0.00472824		0.00022812		
0.586939		0.327019		0.0758816		0.00945457		0.000678132		
------------------------------------------------
0.02
0.02
0
0.02
Case #86: 0.02000000
1		0		
1		0		
1		0		
------------------------------------------------
0
0
0
1
1
1
1
1
Case #87: 1.00000000
1		0		0		0		
1		0		0		0		
1		0		0		0		
1		0		0		0		
0		1		0		0		
0		0		1		0		
0		0		0		1		
------------------------------------------------
0.374469
0.38271
0.393828
0.377917
0.300042
0.109806
0.0133706
0.00153311
0.000156462
0.393828
Case #88: 0.39382826
1		0		0		0		0		
1		0		0		0		0		
0.99		0.01		0		0		0		
0.9603		0.0394		0.0003		0		0		
0.912285		0.085445		0.002255		1.5e-05		0		
0.857548		0.135055		0.0072464		0.0001494		9e-07		
0.806095		0.178405		0.0149149		0.00057522		9.81e-06		
0.749668		0.222343		0.0263592		0.001579		4.93887e-05		
0.697192		0.259256		0.0400781		0.00331362		0.000156462		
------------------------------------------------
9.15979e-12
9.15979e-12
9.15979e-12
9.15979e-12
9.15979e-12
3.35098e-12
9.472e-13
9.472e-13
9.472e-13
9.472e-13
9.472e-13
5.136e-13
2.768e-13
2.768e-13
2.768e-13
9.15979e-12
Case #89: 0.00000000
1		0		0		0		0		0		0		0		
1		0		0		0		0		0		0		0		
1		0		0		0		0		0		0		0		
1		0		0		0		0		0		0		0		
1		0		0		0		0		0		0		0		
1		0		0		0		0		0		0		0		
1		0		0		0		0		0		0		0		
0.99		0.01		0		0		0		0		0		0		
0.9801		0.0198		0.0001		0		0		0		0		0		
0.970299		0.029403		0.000297		1e-06		0		0		0		0		
0.960596		0.038812		0.00058806		3.96e-06		1e-08		0		0		0		
0.95099		0.0480298		0.000970299		9.801e-06		4.95e-08		1e-10		0		0		
0.94148		0.0570594		0.00144089		1.9406e-05		1.47015e-07		5.94e-10		1e-12		0		
0.922651		0.0747478		0.00255326		4.78357e-05		5.32194e-07		3.52242e-09		1.286e-11		2e-14		
0.904198		0.0917059		0.00399716		9.79443e-05		1.47827e-06		1.40959e-08		8.30512e-11		2.768e-13		
------------------------------------------------
0
0
0
0
0
0
0
0
Case #90: 0.00000000
1		0		0		0		
0		1		0		0		
0		0		1		0		
0		0		0		1		
0		0		0		0		
0		0		0		0		
0		0		0		0		
------------------------------------------------
0.211389
0.211181
0.210786
0.210308
0.209505
0.208564
0.208025
0.206813
0.20547
0.204349
0.2023
0.197557
0.193349
0.189899
0.184469
0.211389
Case #91: 0.21138890
1		0		0		0		0		0		0		0		
0.68		0.32		0		0		0		0		0		0		
0.4556		0.4388		0.1056		0		0		0		0		0		
0.300696		0.444512		0.218888		0.035904		0		0		0		0		
0.192445		0.392738		0.300113		0.101778		0.0129254		0		0		0		
0.121241		0.31863		0.334384		0.175162		0.045801		0.00478241		0		0		
0.0727444		0.239674		0.328082		0.238851		0.0975454		0.0211898		0.00191297		0		
0.0429192		0.171233		0.291835		0.275436		0.155481		0.0524956		0.00981648		0.000784316		
0.0248931		0.117341		0.241182		0.282323		0.205862		0.0957493		0.0277417		0.00457783		
0.0136912		0.0757396		0.185454		0.26381		0.24027		0.1453		0.0583451		0.0150016		
0.00739326		0.0471973		0.134985		0.227766		0.251098		0.188986		0.0983443		0.0349396		
0.00384449		0.0280914		0.092847		0.183231		0.239899		0.2188		0.141852		0.0653739		
0.0018838		0.0157255		0.0598216		0.137135		0.210998		0.22956		0.181096		0.104378		
0.000791197		0.0076973		0.0342459		0.0922934		0.168158		0.218794		0.209205		0.148874		
0.000324391		0.0036227		0.0185822		0.0580453		0.123398		0.188919		0.214863		0.184469		
------------------------------------------------
0
0
1
0
0
1
Case #92: 1.00000000
1		0		0		
1		0		0		
1		0		0		
1		0		0		
1		0		0		
------------------------------------------------
0.315704
0.44588
0.46174
0.04145
0.003425
0.46174
Case #93: 0.46174000
1		0		0		
1		0		0		
0.99		0.01		0		
0.9405		0.059		0.0005		
0.893475		0.103075		0.003425		
------------------------------------------------
1e-06
2e-06
4e-06
8e-06
3.136e-05
7.6832e-05
0.000150591
0.000150591
Case #94: 0.00015059
1		0		0		0		
0.02		0.98		0		0		
0.0004		0.0392		0.9604		0		
8e-06		0.001176		0.057624		0.941192		
1.6e-07		3.136e-05		0.00230496		0.0752954		
3.2e-09		7.84e-07		7.6832e-05		0.00376477		
6.4e-11		1.8816e-08		2.30496e-06		0.000150591		
------------------------------------------------
0.452
0.5448
0.4692
0.5448
Case #95: 0.54480000
1		0		
0.64		0.36		
0.3904		0.4692		
------------------------------------------------
0
0
0
1
0
0
0
1
Case #96: 1.00000000
1		0		0		0		
1		0		0		0		
1		0		0		0		
1		0		0		0		
1		0		0		0		
0		1		0		0		
0		0		1		0		
------------------------------------------------
0.00188536
0.00163382
0.00163382
0.0015226
0.00122989
0.00106078
0.00106078
0.000988283
0.000919542
0.000919542
0.000709098
0.000128889
2.88936e-05
2.76105e-05
2.6045e-05
0.00188536
Case #97: 0.00188536
1		0		0		0		0		0		0		0		
1		0		0		0		0		0		0		0		
0.98		0.02		0		0		0		0		0		0		
0.9604		0.0392		0.0004		0		0		0		0		0		
0.941192		0.057624		0.001176		8e-06		0		0		0		0		
0.912956		0.084131		0.00286944		4.304e-05		2.4e-07		0		0		0		
0.867308		0.125572		0.00693252		0.00018436		2.38e-06		1.2e-08		0		0		
0.823943		0.162659		0.0128645		0.000521768		1.1479e-05		1.304e-07		6e-10		0		
0.782746		0.195723		0.0203542		0.00113891		3.69935e-05		6.9783e-07		7.09e-09		3e-11		
0.735781		0.230945		0.0308764		0.00229183		0.000103108		2.87557e-06		4.85344e-08		4.536e-10		
0.691634		0.261235		0.0428805		0.0040069		0.000234431		8.88952e-06		2.18156e-07		3.33845e-09		
0.650136		0.287059		0.0559817		0.00633931		0.000460779		2.2422e-05		7.38438e-07		1.62275e-08		
0.585123		0.323367		0.0790894		0.0113036		0.00104863		6.62577e-05		2.9068e-06		8.84486e-08		
0.234049		0.48042		0.225656		0.0519751		0.00720159		0.000655683		4.09174e-05		1.77946e-06		
0.0889386		0.32767		0.38361		0.159657		0.0349612		0.00471414		0.000422072		2.6045e-05		
------------------------------------------------
0.209447
0.209447
0.209447
0.209473
0.209492
0.209492
0.209492
0.209492
0.209492
0.209498
0.209498
0.209498
0.209498
0.209498
0.209498
0.209498
Case #98: 0.20949844
1		0		0		0		0		0		0		0		
0.51		0.49		0		0		0		0		0		0		
0.2601		0.4998		0.2401		0		0		0		0		0		
0.132651		0.382347		0.367353		0.117649		0		0		0		0		
0.067652		0.259996		0.3747		0.240004		0.057648		0		0		0		
0.033826		0.163824		0.317348		0.307352		0.148826		0.028824		0		0		
0.016913		0.098825		0.240586		0.31235		0.228089		0.088825		0.014412		0		
0.0084565		0.057869		0.169705		0.276468		0.27022		0.158457		0.0516185		0.007206		
0.00422825		0.0331627		0.113787		0.223087		0.273344		0.214338		0.105038		0.0294122		
0.00211413		0.0186955		0.073475		0.168437		0.248215		0.243841		0.159688		0.067225		
0.00105706		0.0104048		0.0460852		0.120956		0.208326		0.246028		0.201765		0.113456		
0.000517961		0.00563746		0.0278882		0.0827719		0.163767		0.2268		0.224339		0.158494		
0.000253801		0.00302652		0.0165403		0.0547812		0.12246		0.194653		0.225594		0.192075		
0.000124362		0.00161243		0.00964829		0.0352784		0.0879437		0.157835		0.209814		0.20917		
6.09376e-05		0.000853516		0.00555		0.022207		0.0610844		0.12219		0.183305		0.209498		
------------------------------------------------
0.0177323
0.0156075
0.012946
0.00991078
0.00832048
0.00685595
0.00556823
0.00416823
0.00310647
0.000466896
7.21856e-05
1.24969e-05
2.20516e-06
0.0177323
Case #99: 0.01773233
1		0		0		0		0		0		0		
1		0		0		0		0		0		0		
1		0		0		0		0		0		0		
1		0		0		0		0		0		0		
0.97		0.03		0		0		0		0		0		
0.9409		0.0582		0.0009		0		0		0		0		
0.903264		0.093508		0.003192		3.6e-05		0		0		0		
0.858101		0.133996		0.0077078		0.0001938		1.8e-06		0		0		
0.806615		0.177442		0.0152851		0.00064464		1.332e-05		1.08e-07		0		
0.758218		0.215192		0.0250145		0.00152307		5.11992e-05		9.0072e-07		6.48e-09		
0.705143		0.253204		0.038327		0.00316747		0.00015423		4.42161e-06		6.90768e-08		
0.64168		0.293879		0.0576659		0.00633182		0.000425421		1.79044e-05		4.60805e-07		
0.577512		0.328659		0.0812872		0.0114652		0.00101606		5.8656e-05		2.20516e-06		
------------------------------------------------
0
0.02
0.0392
0.0392
Case #100: 0.03920000
1		0		
0.02		0.98		
0.0004		0.0392		
------------------------------------------------
